5.353041131
5.333816119
5.317178027
5.303026575
5.291261487
5.281782482
5.274489284
5.269281614
5.266059193
5.264721743
5.265168986
5.267300644
5.271016438
5.276216091
5.282799323
5.290665856
5.299715412
5.309847714
5.320962482
5.332959438
5.345738304
5.359198801
5.373240513
5.387762356
5.40266305
5.417841316
5.433195873
5.448625442
5.464028742
5.479304494
5.494351416
5.509068231
5.523353656
5.537106413
5.550225221
5.5626088
5.57415587
5.584765152
5.594335364
5.602765228
5.609953463
5.615798789
5.620199925
5.623055593
5.624264512
5.623725402
5.621336983
5.616997974
5.610607097
5.60206307
5.591264614
5.578110449
5.562502273
5.54442487
5.523955131
5.501174736
5.476165365
5.449008697
5.419786411
5.388580189
5.355471708
5.320542648
5.28387469
5.245549513
5.205648796
5.164254219
5.121447461
5.077310202
5.031924122
4.985370901
4.937732217
4.88908975
4.839525181
4.789120188
4.737956451
4.68611565
4.633679465
4.580729574
4.527347658
4.473615396
4.419614467
4.365426552
4.31113333
4.256852621
4.20285615
4.1494566
4.096966657
4.045699005
3.995966329
3.948081312
3.902356641
3.859104998
3.81863907
3.78127154
3.747315093
3.717082414
3.690886187
3.669039097
3.651853828
3.639643065
3.632719493
3.631395796
3.635984658
3.646798765
3.664150801
3.68835345
3.719719397
3.758561327
3.805191924
3.859923873
3.923069858
3.994942564
4.075854676
4.166125562
4.266229957
4.376798869
4.498470173
4.631881744
4.777671455
4.936477183
5.1089368
5.295688183
5.497369205
5.714617741
5.948071666
6.198368854
6.466147179
6.752044518
7.056698743
7.38074773
7.724829353
8.089581486
8.475642005
8.883648784
9.314239698
9.768052621
10.24572543
10.74789599
11.27520219
11.82828189
12.40777298
13.01431333
13.6485408
14.31109328
15.00243513
15.72236995
16.47054411
17.24660394
18.0501958
18.88096604
19.73856102
20.62262707
21.53281057
22.46875785
23.43011526
24.41652916
25.4276459
26.46311183
27.5225733
28.60567667
29.71206827
30.84139447
31.99330162
33.16743606
34.36344414
35.58097223
36.81966666
38.0791738
39.35913998
40.65921157
41.97903491
43.31825635
44.67652226
46.05347896
47.44875452
48.86161795
50.29101055
51.73586164
53.19510053
54.66765652
56.15245892
57.64843703
59.15452017
60.66963765
62.19271876
63.72269281
65.25848912
66.79903699
68.34326573
69.89010464
71.43848303
72.98733021
74.53557549
76.08214816
77.62597755
79.16599296
80.70112369
82.23029906
83.75244836
85.2665009
86.77138601
88.26603297
89.7493711
91.2203297
92.67783799
94.12012085
95.54300346
96.94180045
98.31182641
99.64839595
100.9468237
102.2024242
103.4105121
104.566402
105.6654086
106.7028463
107.6740299
108.5742739
109.398893
110.1432017
110.8025146
111.3721464
111.8474117
112.223625
112.4961011
112.6601543
112.7110995
112.6442512
112.454924
112.1384325
111.6900913
111.105215
110.3791182
109.5071156
108.4845217
107.3070703
105.9775103
104.5043989
102.8964679
101.1624495
99.31107561
97.35107831
95.29118961
93.14014152
90.90666607
88.59949527
86.22736115
83.79899573
81.32313103
78.80849906
76.26383185
73.69786143
71.1193198
68.53693899
65.95945103
63.39558792
60.8540817
58.34366438
55.87306798
53.45102453
51.08626604
48.78752454
46.56353204
44.42302056
42.37472214
40.42736723
38.58701695
36.8515865
35.21744274
33.68095252
32.2384827
30.88640012
29.62107164
28.43886412
27.33614441
26.30927936
25.35463582
24.46858065
23.6474807
22.88770282
22.18561387
21.5375807
20.93997017
20.38914912
19.88148442
19.4133429
18.98109144
18.58109688
18.20972606
17.86334586
17.53832312
17.23102469
16.93781743
16.65506818
16.37914381
16.10641117
15.83338799
15.55876647
15.2828712
15.00606645
14.72871645
14.45118547
14.17383777
13.89703758
13.62114918
13.3465368
13.07356471
12.80259717
12.53399841
12.2681327
12.00536429
11.74605744
11.4905764
11.23928542
10.99254876
10.75073066
10.51419539
10.2833072
10.05843034
9.839929071
9.628167637
9.423510298
9.226321305
9.036964914
8.855805378
8.683206951
8.519533646
8.364986283
8.21931893
8.082209895
7.953337489
7.832380019
7.719015795
7.612923125
7.513780318
7.421265683
7.335057529
7.254834165
7.180273899
7.111055041
7.046855899
6.987354782
6.93223
6.88115986
6.833822671
6.789896744
6.749060385
6.710991905
6.675369612
6.641871815
6.610176823
6.579962944
6.550908488
6.522691763
6.494991078
6.467484743
6.439851065
6.411787011
6.383222859
6.354247593
6.324953233
6.295431802
6.265775323
6.236075816
6.206425304
6.176915808
6.14763935
6.118687953
6.090153638
6.062128426
6.034704341
6.007973403
5.982027634
5.956959057
5.932859693
5.909821565
5.887936693
5.8672971
5.847994808
5.830121838
5.813770213
5.799031954
5.785999083
5.774763622
5.765417593
5.758053018
5.752761918
5.749636149
5.748709919
5.749875619
5.753004231
5.757966731
5.764634098
5.772877312
5.78256735
5.79357519
5.805771813
5.819028195
5.833215316
5.848204154
5.863865688
5.880070896
5.896690757
5.913596248
5.93065835
5.94774804
5.964736296
5.981494098
5.997892424
6.013802252
6.029094562
6.04364033
6.057310537
6.06997616
6.081508178
6.09177757
6.100655314
6.108012388
6.113733342
6.117850918
6.120489123
6.121773299
6.121828787
6.120780931
6.118755072
6.115876552
6.112270715
6.108062902
6.103378455
6.098342717
6.093081029
6.087718735
6.082381176
6.077193695
6.072281634
6.067770335
6.063785141
6.060451393
6.057894434
6.056239607
6.055612252
6.056137714
6.057941333
6.061148453
6.065884415
6.072274562
6.080444236
6.090518779
6.102623511
6.11687898
6.133395178
6.152280678
6.173644052
6.197593875
6.224238719
6.253687158
6.286047765
6.321429114
6.359939778
6.401688329
6.446783342
6.49533339
6.547447046
6.603232883
6.662799474
6.726255394
6.793709215
6.865269511
6.941044854
7.021143819
7.105674978
7.194746905
7.288468173
7.386947356
7.490293027
7.598613758
7.712018124
7.830614698
7.954512053
8.083883244
8.219519684
8.362557131
8.514135062
8.675392955
8.847470285
9.031506531
9.228641169
9.440013675
9.666763528
9.910030203
10.17095318
10.45067193
10.75032594
11.07105467
11.41399762
11.78029425
12.17108404
12.58750646
13.03070101
13.50180714
14.00196435
14.5323121
15.09398988
15.68813715
16.31589341
16.97839811
17.67679075
18.4122108
19.18579773
19.99869027
20.85192684
21.74634556
22.68276073
23.6619867
24.68483777
25.75212827
26.86467253
28.02328485
29.22877958
30.48197102
31.78367349
33.13470133
34.53586886
35.98799038
37.49188023
39.04835273
40.6582222
42.32230296
44.04140933
45.81635564
47.6479562
49.53702535
51.48437739
53.49082665
55.55718746
57.68427414
59.872901
62.12388237
64.43803257
66.81616592
69.25841262
71.75911564
74.30970757
76.90159896
79.52620033
82.17492223
84.83917519
87.51036976
90.17991648
92.83922587
95.47970848
98.09277485
100.6698355
103.202301
105.6815819
108.0990887
110.4462319
112.7144221
114.8950698
116.9795856
118.95938
120.8258636
122.5704468
124.1845402
125.6595544
126.9868999
128.1579872
129.1642269
129.9970295
130.6478055
131.1080273
131.3749577
131.4563009
131.3608552
131.0974189
130.6747904
130.1017681
129.3871502
128.5397351
127.5683211
126.4817067
125.2886901
123.9980698
122.6186439
121.159211
119.6285693
118.0355172
116.388853
114.6973752
112.9698819
111.2151716
109.4420426
107.6592933
105.875722
104.1001271
102.3413068
100.6080596
98.90918382
97.25347777
95.6497398
94.10676827
92.63226161
91.22567935
89.88274496
88.59916329
87.37063922
86.19287763
85.06158339
83.97246136
82.92121643
81.90355346
80.91517732
79.95179289
79.00910504
78.08281864
77.16863856
76.26226968
75.35941687
74.455785
73.54707894
72.62900356
71.69726374
70.74756435
69.77561026
68.77710634
67.74775746
66.68326851
65.57934434
64.43168983
63.23600986
61.98800929
60.68343948
59.32126107
57.90566703
56.44133199
54.93293056
53.38513738
51.80262706
50.19007425
48.55215355
46.8935396
45.21890702
43.53293044
41.84028449
40.14564378
38.45368294
36.76907661
35.0964994
33.44062594
31.80613085
30.19768877
28.61997431
27.07766211
25.57542678
24.11794296
22.70988526
21.35592832
20.06074676
18.8290152
17.66540828
16.57460061
15.56126682
14.62931778
13.77758293
13.00281732
12.30176986
11.67118944
11.10782498
10.60842538
10.16973955
9.78851639
9.461504804
9.1854537
8.957111982
8.773228557
8.630552329
8.525832204
8.455817087
8.417255883
8.406897498
8.421490836
8.457784803
8.512528305
8.582470246
8.664359532
8.754945068
8.850975759
8.949200511
9.046368229
9.139227819
9.224528184
9.299018232
9.359475799
9.404205351
9.433764539
9.448892193
9.450327144
9.438808223
9.41507426
9.379864086
9.333916533
9.277970431
9.212764611
9.139037903
9.057529139
8.968977149
8.874120764
8.773698815
8.668450133
8.559113549
8.446427893
8.331131996
8.213964689
8.095664804
7.97697117
7.858622618
7.74135798
7.625916086
7.513035768
7.403455855
7.297915179
7.19715257
7.101906859
7.01281023
6.929863062
6.85283395
6.781491136
6.715602861
6.654937366
6.599262894
6.548347685
6.501959981
6.459868024
6.421840054
6.387644315
6.357049047
6.329822491
6.305732889
6.284548483
6.266037514
6.249968223
6.236108853
6.224227644
6.214092838
6.205472677
6.198135402
6.191849255
6.186382476
6.181503309
6.176979993
6.172580771
6.168073884
6.163227574
6.157813515
6.151745984
6.145129961
6.138083736
6.130725598
6.123173836
6.115546741
6.107962601
6.100539707
6.093396348
6.086650813
6.080421392
6.074826375
6.069984051
6.06601271
6.063030641
6.061156134
6.060507478
6.061202964
6.06336088
6.067099516
6.072537162
6.079792108
6.088982642
6.100227055
6.113643635
6.129350673
6.147466459
6.168109281
6.191397429
6.217449193
6.24632986
6.277824604
6.311626405
6.347428186
6.384922871
6.423803384
6.463762649
6.504493589
6.545689129
6.587042193
6.628245703
6.668992584
6.70897576
6.747888155
6.785422692
6.821272295
6.855129888
6.886688395
6.915640739
6.941679845
6.964498636
6.983790036
6.999246969
7.010562359
7.017429129
7.019540204
7.016588507
7.008266961
6.994268492
6.974286022
6.948033252
6.915919191
6.879195965
6.83916638
6.797133244
6.754399364
6.712267547
6.6720406
6.635021331
6.602512547
6.575817056
6.556237663
6.545077177
6.543638405
6.553224155
6.575137232
6.610680445
6.661156601
6.727868507
6.81211897
6.915210797
7.038446796
7.183129775
7.350562539
7.542047897
7.758888655
8.002387622
8.273847603
8.574571407
8.905861841
9.269021711
9.665005117
10.09311992
10.55218865
11.04103376
11.5584777
12.10334292
12.67445188
13.27062704
13.89069085
14.53346576
15.19777422
15.8824387
16.58628165
17.30812551
18.04679275
18.80110581
19.56988716
20.35195925
21.14614452
21.95126544
22.76614446
23.58960404
24.42046662
25.25755467
26.09969063
26.94569696
27.79439612
28.64461056
29.49516273
30.34487508
31.19259733
32.03792809
32.88128972
33.72314688
34.56396422
35.40420639
36.24433803
37.0848238
37.92612834
38.7687163
39.61305233
40.45960108
41.3088272
42.16119533
43.01717013
43.87721624
44.74179831
45.61138099
46.48642893
47.36740678
48.25477918
49.14901079
50.05056625
50.95991022
51.87750733
52.80382224
53.7393196
54.68446406
55.63972026
56.60555286
57.58242649
58.57072896
59.57052366
60.58178842
61.60450108
62.63863947
63.68418144
64.7411048
65.8093874
66.88900706
67.97994164
69.08216895
70.19566683
71.32041311
72.45638564
73.60356224
74.76192075
75.931439
77.11209483
78.30386607
79.50673055
80.72066611
81.94565059
83.18166181
84.42867761
85.68667583
86.95563429
88.23553085
89.52634331
90.82804953
92.14062734
93.46393898
94.79519762
96.12897244
97.4597181
98.78188924
100.0899405
101.3783265
102.641502
103.8739215
105.0700397
106.2243113
107.3311909
108.3851331
109.3805926
110.312024
111.173882
111.9606213
112.6666964
113.286562
113.8146728
114.2454834
114.5734485
114.7930226
114.8986605
114.8848168
114.7459461
114.4765031
114.0709424
113.5237187
112.8292866
111.9821007
110.9789676
109.8255694
108.529682
107.0990816
105.541544
103.8648452
102.0767611
100.1850677
98.19754102
96.12195693
93.96609142
91.73772045
89.44461998
87.09456596
84.69533435
82.25470112
79.78044221
77.2803336
74.76215123
72.23367107
69.70266908
67.1769212
64.66420341
62.17229166
59.70896191
57.28199012
54.89915224
52.56822424
50.29698207
48.09320169
45.96441689
43.91347247
41.93896697
40.03934557
38.21305349
36.45853589
34.77423798
33.15860495
31.61008199
30.12711429
28.70814704
27.35162543
26.05599465
24.8196999
23.64118637
22.51889925
21.45128373
20.436785
19.47384826
18.56091868
17.69644148
16.87886183
16.10662494
15.37817598
14.69196015
14.04642265
13.44000867
12.87116339
12.33833201
11.83995972
11.37449172
10.94045403
10.53664549
10.16192252
9.81514151
9.495158867
9.200830991
8.931014284
8.684565147
8.460339981
8.257195188
8.073987169
7.909572324
7.762807057
7.632547767
7.517650857
7.416972728
7.329369781
7.253698417
7.188815037
7.133576044
7.086837839
7.047456822
7.014289395
6.98619196
6.962020918
6.94063267
6.920883618
6.901630163
6.881728705
6.860035648
6.835451006
6.807595896
6.776683799
6.742945753
6.706612795
6.667915962
6.627086292
6.58435482
6.539952585
6.494110624
6.447059974
6.399031672
6.350256755
6.30096626
6.251391225
6.201762686
6.152311681
6.103269247
6.054866421
6.007334241
5.960903742
5.915805964
5.872271941
5.830532713
5.790819316
5.753362787
5.718394163
5.686144482
5.65684478
5.630726095
5.608019412
5.588872976
5.573184747
5.56080554
5.551586168
5.545377448
5.542030192
5.541395217
5.543323336
5.547665365
5.554272118
5.56299441
5.573683054
5.586188867
5.600362663
5.616055256
5.633117461
5.651400092
5.670753965
5.691029894
5.712078693
5.733751178
5.755898163
5.778370462
5.801018891
5.823694263
5.846247394
5.868529099
5.890390191
5.911681486
5.932253798
5.951958675
5.970658107
5.988221861
6.004519891
6.01942215
6.032798591
6.044519167
6.054453831
6.062472537
6.068445238
6.072241886
6.073732436
6.07278684
6.069275052
6.063067025
6.054032711
6.042042065
6.026965038
6.008671586
5.98703166
5.961915214
5.933192201
5.900732574
5.864406286
5.824083292
5.779633543
5.730926993
5.677833595
5.620223303
5.557966069
5.490932196
5.419214086
5.343506941
5.264607252
5.183311504
5.100416188
5.01671779
4.933012799
4.850097703
4.768768992
4.689823151
4.614056671
4.542266039
4.475247744
4.413798273
4.358714115
4.310791759
4.270827691
4.239618401
4.217960377
4.206650107
4.20648408
4.218258782
4.242770704
4.280816332
4.333192155
4.400694662
4.48412034
4.584265679
4.701927165
4.837901287
4.992880944
5.166277881
5.35663924
5.56249594
5.782378904
6.014819051
6.258347303
6.511494581
6.772791806
7.040769898
7.313959778
7.590892368
7.870098588
8.150109358
8.429455601
8.706668236
8.980278185
9.248816369
9.510813708
9.764801123
10.00930954
10.24286987
10.46401304
10.67126997
10.86317158
11.03824879
11.19503252
11.3320537
11.44784324
11.54093207
11.60985766
11.65532114
11.68330133
11.70056657
11.7138852
11.73002558
11.75575605
11.79784496
11.86306066
11.9581715
12.08994581
12.26515196
12.49055829
12.77293315
13.11904487
13.53566183
14.02955235
14.60748478
15.27622749
16.0425488
16.91321708
17.89500066
18.9946679
20.21898715
21.57472674
23.06865504
24.70754038
26.49815112
28.4472556
30.56162217
32.84801918
35.31214212
37.9480934
40.74289312
43.68345998
46.75671268
49.94956991
53.24895038
56.64177277
60.1149558
63.65541815
67.25007852
70.88585562
74.54966813
78.22843477
81.90907422
85.57850518
89.22364635
92.83141644
96.38873413
99.88251812
103.2996871
106.6271598
109.8518549
112.9606911
115.9405871
118.7784616
121.4612332
123.9758208
126.3091429
128.4481184
130.3796971
132.0970147
133.6067901
134.9175473
136.03781
136.9761022
137.7409476
138.3408701
138.7843935
139.0800416
139.2363383
139.2618075
139.1649729
138.9543584
138.6384879
138.2258851
137.7250739
137.1445781
136.4929217
135.7786283
135.0102219
134.1962263
133.3451653
132.4655627
131.5659425
130.6548283
129.7407442
128.8322138
127.9377611
127.0659099
126.2251839
125.4233555
124.6610622
123.9350004
123.2418251
122.5781914
121.9407544
121.326169
120.7310904
120.1521734
119.5860732
119.0294448
118.4789433
117.9312236
117.3829407
116.8307498
116.2713058
115.7012638
115.1172789
114.5160059
113.8941001
113.2482164
112.5750098
111.8711353
111.1332481
110.3580031
109.5420554
108.68206
107.774672
106.8165462
105.8043379
104.7347164
103.606213
102.4210468
101.1818703
99.89133642
98.55209771
97.16680692
95.73811674
94.26867986
92.76114899
91.21817682
89.64241605
88.03651938
86.40313951
84.74492913
83.06454094
81.36462765
79.64784195
77.91683653
76.1742641
74.42277735
72.66502898
70.9036717
69.14135819
67.38074115
65.62447329
63.8752073
62.13559588
60.40829173
58.69594754
57.00121602
55.32660612
53.67342287
52.04237075
50.43414987
48.8494603
47.28900215
45.75347549
44.24358042
42.76001703
41.30348541
39.87468565
38.47431783
37.10308205
35.7616784
34.45080697
33.17116784
31.9234611
30.70838685
29.52664518
28.37893617
27.26595991
26.1884165
25.14700603
24.14242857
23.17538423
22.24657309
21.35669524
20.50645078
19.69653978
18.92766235
18.20051094
17.51508152
16.87012433
16.26426035
15.6961106
15.16429607
14.66743776
14.20415668
13.77307382
13.37281018
13.00198676
12.65922456
12.34314458
12.05236783
11.78551529
11.54120798
11.31806689
11.11471302
10.92976736
10.76185093
10.60958472
10.47158973
10.34648696
10.2328974
10.12944207
10.03474196
9.947418061
9.866091384
9.789382925
9.715913685
9.644304663
9.573294578
9.502495501
9.431912255
9.361551542
9.291420064
9.221524524
9.151871624
9.082468066
9.013320554
8.94443579
8.875820476
8.807481315
8.739425009
8.67165826
8.604187772
8.537020246
8.470162386
8.403620893
8.33740247
8.27151382
8.205961645
8.140752647
8.07589353
8.011390995
7.947251745
7.883482483
7.820089911
7.757080731
7.694461646
7.632239358
7.570421532
7.509080683
7.448394222
7.388549111
7.329732315
7.272130797
7.21593152
7.161321448
7.108487544
7.057616771
7.008896095
6.962512476
6.91865288
6.87750427
6.839253609
6.80408786
6.772193987
6.743758955
6.718969725
6.698013262
6.681076529
6.668346489
6.660010107
6.656254345
6.657266167
6.663232536
6.674340417
6.690776772
6.712728565
6.740382759
6.773926318
6.813477818
6.858705076
6.909093454
6.964127795
7.023292946
7.08607375
7.151955051
7.220421696
7.290958528
7.363050393
7.436182134
7.509838597
7.583504626
7.656665067
7.728804763
7.79940856
7.867961302
7.933947834
7.996853
8.056161646
8.111358616
8.161928755
8.207356907
8.247127917
8.280726631
8.307637892
8.327346545
8.339337435
8.343095407
8.338105306
8.32386002
8.300268445
8.267848622
8.227167038
8.178790177
8.123284523
8.061216564
7.993152783
7.919659665
7.841303696
7.758651361
7.672269145
7.582723533
7.49058101
7.396408061
7.300771172
7.204236828
7.107371513
7.010741712
6.914913912
6.820454597
6.727930252
6.637907362
6.550952412
6.467631888
6.388512274
6.314160056
6.245141719
6.182023748
6.125372628
6.075754844
6.033797142
6.000479999
5.976912546
5.964204102
5.963463981
5.975801503
6.002325982
6.044146736
6.102373083
6.178114338
6.272479819
6.386578842
6.521520724
6.678414783
6.858370335
7.062496696
7.291903184
7.547699115
7.830993807
8.142896576
8.484516739
8.856963613
9.261346514
9.698774761
10.17035767
10.67720455
11.22042473
11.80112753
12.42042225
13.07941821
13.77918717
14.51926804
15.29716597
16.11024579
16.95587234
17.83141046
18.73422497
19.66168072
20.61114255
21.57997527
22.56554375
23.5652128
24.57634726
25.59631197
26.62247177
27.65219149
28.68283597
29.71177004
30.73635854
31.7539663
32.76195816
33.75769896
34.73855353
35.7018867
36.64506332
37.56544821
38.46040622
39.32730218
40.16350093
40.96636729
41.73326612
42.46250825
43.15735906
43.82270035
44.46341485
45.08438528
45.69049436
46.2866248
46.87765933
47.46848066
48.06397151
48.6690146
49.28849265
49.92728838
50.59028451
51.28236376
52.00840883
52.77330247
53.58192737
54.43916627
55.34990187
56.31901691
57.35139409
58.45191614
59.62546577
60.87692571
62.21117867
63.63310737
65.14759454
66.75952288
68.47377512
70.2950486
72.22193784
74.2456948
76.35713545
78.54707576
80.8063317
83.12571924
85.49605436
87.90815302
90.3528312
92.82090487
95.30319
97.79050256
100.2736585
102.7434739
105.1907645
107.6063466
109.9810358
112.3056484
114.5710002
116.7679072
118.8871854
120.9196507
122.8561191
124.6874066
126.4043292
127.9977028
129.4583435
130.7770671
131.9446896
132.9520271
133.7918318
134.4659161
134.9787395
135.334762
135.5384437
135.5942444
135.5066242
135.2800429
134.9189607
134.4278375
133.8111332
133.0733078
132.2188213
131.2521336
130.1777048
128.9999948
127.7234636
126.3525712
124.8917774
123.3455424
121.7183261
120.0145884
118.2387893
116.3953889
114.488847
112.5236236
110.5041788
108.4349725
106.3204646
104.1651152
101.973368
99.74922952
97.49622875
95.21787057
92.91765985
90.59910144
88.26570021
85.92096103
83.56838876
81.21148826
78.8537644
76.49872204
74.14986604
71.81070128
69.48473261
67.17546491
64.88640302
62.62105183
60.38291618
58.17550096
56.00231101
53.86685121
51.77262642
49.7231415
47.72190133
45.77241075
43.87817464
42.04269786
40.26948528
38.56204176
36.92387216
35.35762168
33.86233955
32.43613495
31.07711703
29.78339496
28.55307789
27.38427499
26.27509542
25.22364833
24.2280429
23.28638828
22.39679362
21.5573681
20.76622088
20.0214611
19.32119794
18.66354056
18.04659812
17.46847977
16.92729468
16.42115201
15.94816093
15.50643058
15.09407014
14.70918875
14.3498956
14.01429983
13.7005106
13.40663708
13.13078843
12.8711018
12.62634694
12.3959201
12.17924428
11.9757425
11.78483775
11.60595306
11.43851142
11.28193585
11.13564935
10.99907493
10.87163561
10.75275438
10.64185426
10.53835825
10.44168937
10.35127061
10.266525
10.18687553
10.11174521
10.04055706
9.972734083
9.907699284
9.844875672
9.783686255
9.723554043
9.663902042
9.604153262
9.54373071
9.482057395
9.418556325
9.352792085
9.284858836
9.214974548
9.143357188
9.070224725
8.995795127
8.920286362
8.843916398
8.766903204
8.689464748
8.611818999
8.534183923
8.456777491
8.379817669
8.303522426
8.22810973
8.15379755
8.080803854
8.00934661
7.939643786
7.871913351
7.806373272
7.743241518
7.682736058
7.625074859
7.570475889
7.519157118
7.471336512
7.427232041
7.387061673
7.351031687
7.31912498
7.291123723
7.26680295
7.245937692
7.228302983
7.213673854
7.201825338
7.192532469
7.185570277
7.180713797
7.17773806
7.176418099
7.176528947
7.177845635
7.180143197
7.183196665
7.186781072
7.19067145
7.194642831
7.198470249
7.201928735
7.204793323
7.206839044
7.207840932
7.207574018
7.205813336
7.202333918
7.196910796
7.189319004
7.179333584
7.16679467
7.151760259
7.134333874
7.114619042
7.092719289
7.068738139
7.042779117
7.014945751
6.985341564
6.954070083
6.921234833
6.886939339
6.851287127
6.814381722
6.77632665
6.737225436
6.697181606
6.656298685
6.614680198
6.572429672
6.52965063
6.4864466
6.442921106
6.399177674
6.355319829
6.311451097
6.267675003
6.224095073
6.180814832
6.137937806
6.095564301
6.053742065
6.012476005
5.971769779
5.931627043
5.892051455
5.853046674
5.814616358
5.776764162
5.739493747
5.702808768
5.666712884
5.631209753
5.596303032
5.561996379
5.528293452
5.495197908
5.462713405
5.430843601
5.399592154
5.36896272
5.338958959
5.309584527
5.280843082
5.252738283
5.225273786
5.198453249
5.172280331
5.146758689
5.12189198
5.097683922
5.074225364
5.051868436
5.031014036
5.012063063
4.995416418
4.981474999
4.970639705
4.963311436
4.959891092
4.96077957
4.966377771
4.977086595
4.993306939
5.015439704
5.043885788
5.079046092
5.121321514
5.171112954
5.22882131
5.294847483
5.369592371
5.453456873
5.54684189
5.65014832
5.763777062
5.888129016
6.023605082
6.170606158
6.329533143
6.500786937
6.684807888
6.882591845
7.095545168
7.325083838
7.572623833
7.839581132
8.127371714
8.437411557
8.771116642
9.129902947
9.51518645
9.928383131
10.37090897
10.84417994
11.34961203
11.88862121
12.46262346
13.07303477
13.72127111
14.40874845
15.13688278
15.90709008
16.72078633
17.5793875
18.48430958
19.43696853
20.43878035
21.49116102
22.5955265
23.75329278
24.96587353
26.23330089
27.55188951
28.9173351
30.32533342
31.77158019
33.25177116
34.76160205
36.29676862
37.85296659
39.4258917
41.01123968
42.60470629
44.20198724
45.79877828
47.39077514
48.97367356
50.54316928
52.09495804
53.62473556
55.12819759
56.60103986
58.03895812
59.43764809
60.79280552
62.10012613
63.35530567
64.55403988
65.69202448
66.76495522
67.76852784
68.69877914
69.55591795
70.34294644
71.06291809
71.71888639
72.31390485
72.85102695
73.33330619
73.76379606
74.14555005
74.48162167
74.7750644
75.02893173
75.24627717
75.43015421
75.58361633
75.70971704
75.81150983
75.89204818
75.9543856
76.00157558
76.03667162
76.0627272
76.08279582
76.09993098
76.11718617
76.13761487
76.1642706
76.20020684
76.24847708
76.31213043
76.3928347
76.48891669
76.59820808
76.71854055
76.84774577
76.98365543
77.12410121
77.26691477
77.4099278
77.55097197
77.68787897
77.81848047
77.94060814
78.05209368
78.15076874
78.23446502
78.30101418
78.34824791
78.37399788
78.37609578
78.35237327
78.30066205
78.21879377
78.10460013
77.9559128
77.77056345
77.54638377
77.28120543
76.97286012
76.6191795
76.21817229
75.76974009
75.27493168
74.73481188
74.1504455
73.52289736
72.85323229
72.14251508
71.39181058
70.60218359
69.77469893
68.91042142
68.01041588
67.07574713
66.10747998
65.10667925
64.07440977
63.01173635
61.9197238
60.79943695
59.65194062
58.47829962
57.27957876
56.05684288
54.81115679
53.5435853
52.25519323
50.9470454
49.62020664
48.27574175
46.91471781
45.53862957
44.14990323
42.75108756
41.34473134
39.93338333
38.51959231
37.10590705
35.6948763
34.28904886
32.89097348
31.50319894
30.12827401
28.76874746
27.42716806
26.10608458
24.80804579
23.53560046
22.29129736
21.07768526
19.89731294
18.75272916
17.6464827
16.58112232
15.55919679
14.58325489
13.65584539
12.77951705
11.95681866
11.19029897
10.48250675
9.835667951
9.248974907
8.719957846
8.246129965
7.825004461
7.454094534
7.130913379
6.852974195
6.617790179
6.422874529
6.265740443
6.143901118
6.054869752
5.996159542
5.965283686
5.959755382
5.977087827
6.014794219
6.070387755
6.141381634
6.225289052
6.319623207
6.421897298
6.529624521
6.640318075
6.751491156
6.860656963
6.965328693
7.063019543
7.151242712
7.227519146
7.290346696
7.340142
7.37754518
7.403196363
7.41773567
7.421803226
7.416039155
7.401083581
7.377576626
7.346158416
7.307469074
7.262148724
7.210837489
7.154175493
7.092802861
7.027359715
6.958486181
6.886822381
6.813008439
6.73768448
6.661490627
6.585067003
6.509053733
6.434090941
6.36081875
6.289877284
6.221906666
6.157547022
6.097438474
6.042221146
5.992459908
5.948095441
5.90875965
5.874082238
5.843692909
5.817221367
5.794297316
5.77455046
5.757610503
5.743107148
5.730670101
5.719929064
5.710513742
5.702053839
5.694179058
5.686519104
5.678703681
5.670362492
5.661125243
5.650621635
5.638481374
5.624334164
5.607809708
5.588537711
5.566147876
5.540269908
5.51053351
5.476568386
5.438004241
5.394470778
5.345600353
5.291261471
5.23174159
5.167371189
5.098480747
5.025400742
4.948461655
4.867993963
4.784328147
4.697794685
4.608724057
4.517446741
4.424293218
4.329593965
4.233679462
4.136880188
4.039526623
3.941949245
3.844478533
3.747444967
3.651179026
3.556011189
3.462271935
3.370291743
3.280401093
3.192930463
3.108210332
3.026571181
2.948343487
2.87385773
2.803444389
2.737385082
2.675602379
2.617858728
2.563915839
2.513535423
2.466479189
2.422508848
2.38138611
2.342872684
2.306730282
2.272720613
2.240605388
2.210146316
2.181105108
2.153243474
2.126323124
2.100105767
2.074353116
2.048826878
2.023288765
1.997500487
1.971223754
1.944220276
1.916251762
1.887079925
1.856466472
1.824173115
1.789961564
1.753593529
1.71483072
1.673437863
1.629378717
1.582936384
1.534422747
1.484149688
1.432429091
1.379572838
1.325892811
1.271700893
1.217308966
1.163028913
1.109172617
1.05605196
1.003978824
0.953265093
0.904222648
0.857163372
0.812399148
0.770241858
0.731003385
0.694995612
0.66253042
0.633919693
0.609475313
0.589509162
0.574333124
0.56425908
0.559598913
0.560664506
0.567767742
0.581220502
0.601622146
0.6314492
0.673931609
0.732301344
0.80979038
0.90963069
1.035054246
1.189293023
1.375578992
1.597144128
1.857220403
2.159039791
2.505834265
2.900835798
3.347276363
3.848387934
4.407402483
5.027551985
5.712068411
6.464183735
7.287129931
8.184138971
9.158442829
10.21327348
11.35186289
12.57744304
13.8932459
15.30250345
16.80844765
18.41431048
20.1232396
21.93410869
23.83958247
25.83183734
27.90304972
30.04539603
32.25105266
34.51219603
36.82100255
39.16964863
41.55031069
43.95516512
46.37638835
48.80615678
51.23664682
53.66003489
56.06849739
58.45421074
60.80935134
63.12609561
65.39661995
67.61310078
69.76771451
71.85263755
73.8600463
75.78211718
77.6110266
79.33895098
80.95806671
82.46055021
83.8385779
85.08570434
86.20349989
87.19642529
88.06894519
88.82552423
89.47062703
90.00871825
90.4442625
90.78172444
91.02556868
91.18025989
91.25026268
91.24004169
91.15406157
90.99678694
90.77268245
90.48621273
90.14184241
89.74403614
89.29725855
88.80597428
88.27464796
87.70774423
87.10972772
86.48506308
85.83821493
85.17364792
84.49582668
83.80921585
83.11828006
82.42742319
81.73861437
81.05061749
80.36197792
79.67124098
78.97695205
78.27765645
77.57189956
76.8582267
76.13518325
75.40131453
74.65516591
73.89528274
73.12021035
72.32849411
71.51867937
70.68931147
69.83893576
68.96609759
68.06934231
67.14721528
66.19826184
65.22102734
64.21405714
63.17589657
62.105091
61.00018577
59.85972622
58.68225772
57.46632561
56.21047524
54.91385656
53.57875729
52.20848001
50.80632779
49.37560368
47.91961078
46.44165214
44.94503084
43.43304995
41.90901254
40.37622168
38.83798044
37.29759189
35.7583591
34.22358515
32.69657311
31.18062604
29.67904701
28.19513911
26.73220539
25.29354893
23.88247281
22.50228008
21.15627382
19.84775711
18.58003301
17.3564046
16.18017494
15.05464711
13.98312418
12.96884095
12.01282117
11.11344906
10.26895405
9.477565544
8.737512972
8.047025749
7.404333295
6.807665028
6.255250369
5.745318736
5.276099549
4.845822225
4.452716186
4.09501085
3.770935636
3.478719963
3.21659325
2.982784917
2.775524383
2.593041067
2.433564388
2.295323765
2.176548618
2.075468366
1.990312427
1.919310221
1.860691168
1.812684685
1.773520194
1.741427112
1.714846591
1.693201559
1.676199302
1.663547135
1.654952371
1.650122325
1.648764313
1.650585648
1.655293646
1.66259562
1.672198885
1.683810757
1.697138549
1.711889576
1.727771153
1.744490594
1.761755214
1.779272328
1.79674925
1.813893294
1.830411776
1.846012009
1.860401309
1.87328699
1.884376367
1.893376754
1.899995465
1.903939816
1.904917121
1.902634694
1.896812436
1.887505858
1.875133939
1.860133825
1.842942658
1.823997584
1.803735746
1.782594289
1.761010357
1.739421094
1.718263645
1.697975154
1.678992765
1.661753622
1.64669487
1.634253653
1.624867115
1.618972401
1.617006654
1.619407019
1.62661064
1.639054662
1.657176228
1.681412484
1.712200572
1.749977639
1.795180827
1.848247281
1.909614145
1.979718564
2.058997681
2.147706569
2.245345485
2.351219114
2.464632138
2.584889241
2.711295107
2.843154421
2.979771864
3.120452122
3.264499877
3.411219813
3.559916615
3.709894965
3.860459547
4.010915045
4.160566143
4.308717523
4.454673871
4.597739869
4.737220201
4.872419551
5.002642602
5.127194038
5.245378543
5.3565008
5.459865493
5.554777306
5.640540922
5.716461025
5.781842298
5.836014997
5.878879392
5.910895885
5.932548472
5.944321148
5.946697909
5.940162751
5.925199669
5.902292658
5.871925715
5.834582834
5.790748011
5.740905243
5.685538523
5.625131849
5.560169215
5.491134616
5.41851205
5.34278551
5.264438994
5.183956495
5.10182201
5.018519535
4.934533064
4.850346594
4.766444119
4.683309636
4.60142714
4.521280627
4.443354092
4.368131529
4.295998335
4.226974359
4.160994754
4.097994676
4.037909277
3.980673711
3.926223133
3.874492696
3.825417555
3.778932862
3.734973772
3.693475439
3.654373017
3.617601659
3.583096519
3.550792752
3.520625511
3.492529949
3.466441222
3.442294482
3.420024884
3.399567581
3.380857727
3.363830477
3.348420984
3.334564402
3.322195884
3.311250585
3.301663659
3.293370259
3.286304265
3.280375529
3.275472473
3.271482774
3.268294105
3.26579414
3.263870556
3.262411025
3.261303222
3.260434822
3.259693499
3.258966927
3.258142782
3.257108737
3.255752467
3.253961647
3.25162395
3.248627052
3.244858627
3.240206349
3.234557892
3.227800932
3.219823143
3.210512198
3.199755773
3.187441542
3.17345718
3.157690361
3.140028758
3.120360048
3.098572004
3.075041604
3.05176884
3.031089852
3.015340781
3.006857763
3.00797694
3.02103445
3.048366432
3.092309026
3.155198371
3.239370606
3.34716187
3.480908302
3.642946042
3.835611229
4.061240002
4.322168501
4.620732863
4.95926923
5.34011374
5.765602531
6.238071745
6.759857518
7.333295992
7.960723304
8.644475595
9.386889004
10.19029967
11.05704373
11.98945733
12.98965755
14.05622726
15.18489104
16.37129153
17.6110714
18.89987329
20.23333987
21.60711378
23.01683767
24.45815421
25.92670604
27.41813582
28.92808621
30.45219985
31.9861194
33.52548751
35.06594685
36.60314005
38.13270977
39.65029868
41.15154942
42.63210464
44.087607
45.51369916
46.90602376
48.26022346
49.57194092
50.83681878
52.0504997
53.20862634
54.30684268
55.34256359
56.31846818
57.23820929
58.10543976
58.92381244
59.69698015
60.42859574
61.12231203
61.78178188
62.41065812
63.01259359
63.59124112
64.15025356
64.69328373
65.22398449
65.74600866
66.26300909
66.77863861
67.29655006
67.82039629
68.35383011
68.90050439
69.46407195
70.04818563
70.65649827
71.2926627
71.96033177
72.66315832
73.40479517
74.18889518
75.01868897
75.89152994
76.80046226
77.73843102
78.69838128
79.67325811
80.65600659
81.63957178
82.61689875
83.58093259
84.52461835
85.44090112
86.32272595
87.16303793
87.95478213
88.69090361
89.36434744
89.96805871
90.49498248
90.93806381
91.29024779
91.54447949
91.69370397
91.7308663
91.64891157
91.44078483
91.09943116
90.61779564
89.98882332
89.2054593
88.26065574
87.15139407
85.88540483
84.47219169
82.92125832
81.24210841
79.44424561
77.53717361
75.53039608
73.43341668
71.25573909
69.00686699
66.69630404
64.33355393
61.92812031
59.48950688
57.02721728
54.55075521
52.06962433
49.59332832
47.13137085
44.69325558
42.2884862
39.92656638
37.61699978
35.36929009
33.19294097
31.0974561
29.09233915
27.18709379
25.3912237
23.71357841
22.15509349
20.7114477
19.37822514
18.15100992
17.02538613
15.99693788
15.06124927
14.21390441
13.4504874
12.76658235
12.15777334
11.6196445
11.14777992
10.73776371
10.38517997
10.08561279
9.834646296
9.627864578
9.460851741
9.329191889
9.228469125
9.154267553
9.102171275
9.067764395
9.046631015
9.03435524
9.026521173
9.018712916
9.006514572
8.985514733
8.9526548
8.90812065
8.852574493
8.786678538
8.711094996
8.626486076
8.533513989
8.432840944
8.325129153
8.211040823
8.091238167
7.966383393
7.837138712
7.704166333
7.568128467
7.429687324
7.289505114
7.148244046
7.006566332
6.86513418
6.724609801
6.585655405
6.448933201
6.315105401
6.184834214
6.058781849
5.937610518
5.821982429
5.712559793
5.610004821
5.514929602
5.427415931
5.347226796
5.274120825
5.207856649
5.148192896
5.094888197
5.047701182
5.006390478
4.970714717
4.940432527
4.915302538
4.89508338
4.879533682
4.868412074
4.861477185
4.858487644
4.859202082
4.863379128
4.870777411
4.88115556
4.894272206
4.909885978
4.927755506
4.947639418
4.969296345
4.992484915
5.01696376
5.042491507
5.068826787
5.095728493
5.123004127
5.150566169
5.178340781
5.206254125
5.234232363
5.262201657
5.290088169
5.317818062
5.345317498
5.372512638
5.399329645
5.425694681
5.451533909
5.476773489
5.501339585
5.525158359
5.548155972
5.570258586
5.591392365
5.61148347
5.630458063
5.648242306
5.664762361
5.679944391
5.693714558
5.705999023
5.716723949
5.725815499
5.733199833
5.738803115
5.742559095
5.744472116
5.744584884
5.74294049
5.739582022
5.734552571
5.727895226
5.719653076
5.709869211
5.698586721
5.685848694
5.671698222
5.656178392
5.639332296
5.621203021
5.601833659
5.581267297
5.559547027
5.536715937
5.512817117
5.487893657
5.461988646
5.435145173
5.407406329
5.378815203
5.349414883
5.319248461
5.288359025
5.256789665
5.22458347
5.191783112
5.158380084
5.124266177
5.089321685
5.053426902
5.016462122
4.978307638
4.938843744
4.897950734
4.855508901
4.81139854
4.765499944
4.717693406
4.667859221
4.615877682
4.561629083
4.504993718
4.445851881
4.384083864
4.319569963
4.25219047
4.18182568
4.108355886
4.031661382
3.951622462
3.868119419
3.781032547
3.690242141
3.595628493
3.497071897
3.394452647
3.287787401
3.178212804
3.067415011
2.957083964
2.848909606
2.74458188
2.64579073
2.554226099
2.47157793
2.399536167
2.339790752
2.294031628
2.263948739
2.251232028
2.257571438
2.284656913
2.334178395
2.407825827
2.507289154
2.634258317
2.790423261
2.977473928
3.197100262
3.450992205
3.740839701
4.068332693
4.435161125
4.843014939
5.293584078
5.788558487
6.329614525
6.917249503
7.549885832
8.225735026
8.943008599
9.699918066
10.49467494
11.32549073
12.19057696
13.08814514
14.01640679
14.9735734
15.95785652
16.96746763
18.00061827
19.05551993
20.13038415
21.22342243
22.33284628
23.45686722
24.59369676
25.74154642
26.89862771
28.06315215
29.23333125
30.40737652
31.58349948
32.75991164
33.93482451
35.10644961
36.27299846
37.43304093
38.58775532
39.73947347
40.89053232
42.04326885
43.20001999
44.36312272
45.53491397
46.71773072
47.91390992
49.12578852
50.35570347
51.60599174
52.87899029
54.17703605
55.502466
56.85761709
58.24482627
59.6664305
61.12476674
62.62217194
64.16098305
65.74353704
67.37217086
69.04922147
70.77702581
72.55792086
74.39424355
76.28833086
78.24251973
80.25909913
82.33726151
84.47127043
86.65495
88.88212431
91.14661749
93.44225362
95.76285682
98.10225118
100.4542608
102.8127098
105.1714223
107.5242224
109.8649342
112.1873817
114.4853892
116.7527806
118.9833802
121.171012
123.3095001
125.3926686
127.4143416
129.3683433
131.2484977
133.0486289
134.7625611
136.3841183
137.9071246
139.3254042
140.6327812
141.8230796
142.8908408
143.835246
144.6573228
145.3581037
145.9386209
146.3999068
146.742994
146.9689146
147.0787013
147.0733862
146.9540018
146.7215805
146.3771547
145.9217567
145.3564189
144.6821738
143.9000537
143.011091
142.016318
140.9167672
139.713471
138.4074617
136.9997717
135.4914333
133.8834791
132.1769414
130.3728525
128.4722448
126.4761508
124.3856028
122.2016793
119.9277547
117.5705119
115.1368913
112.633833
110.0682775
107.4471651
104.777436
102.0660305
99.3198891
96.54595193
93.75115937
90.94245171
88.12676926
85.31105233
82.50224124
79.70727628
76.93309778
74.18664603
71.47486135
68.80468405
66.18305444
63.61691282
61.1131995
58.6788548
56.32081901
54.04603246
51.86143545
49.77396829
47.79057129
45.91818476
44.16242954
42.52132228
40.99016116
39.564241
38.23885659
37.00930271
35.87087416
34.81886574
33.84857223
32.95528844
32.13430915
31.38092917
30.69044328
30.05814627
29.47933295
28.9492981
28.46333651
28.01674299
27.60481233
27.22283931
26.86611874
26.52994541
26.2096141
25.90041962
25.59765675
25.2966203
24.99260505
24.68090581
24.35681735
24.01563448
23.65271861
23.26605324
22.85704682
22.42733857
21.97856774
21.51237354
21.03039521
20.534272
20.02564312
19.50614781
18.9774253
18.44111483
17.89885563
17.35228692
16.80304795
16.25277795
15.70311614
15.15570176
14.61217404
14.07417221
13.54333552
13.02130318
12.50971443
12.0102085
11.52442463
11.05400205
10.60057999
10.16579768
9.751294362
9.358709257
8.989681602
8.645524996
8.325878252
8.02984326
7.756521664
7.505015107
7.274425235
7.063853692
6.872402121
6.699172167
6.543265475
6.403783688
6.27982845
6.170501407
6.074904202
5.99213848
5.921305884
5.861508059
5.811846649
5.771423299
5.739339653
5.714697354
5.696598048
5.684143378
5.676434989
5.672574524
5.671663629
5.672803948
5.675097123
5.677644801
5.679548625
5.679924249
5.678333798
5.674868247
5.669649203
5.662798272
5.654437062
5.644687179
5.63367023
5.621507821
5.60832156
5.594233053
5.579363907
5.563835728
5.547770125
5.531288703
5.514513069
5.497564829
5.480565592
5.463636963
5.44690055
5.430477959
5.414490796
5.39906067
5.384309185
5.37035795
5.357328572
5.345342655
5.334521809
5.324987639
5.316861752
5.310265756
5.305280211
5.30179706
5.299654097
5.298689112
5.298739895
5.299644235
5.301239922
5.303364744
5.305856493
5.308552957
5.311291927
5.313911191
5.316248539
5.318141761
5.319428647
5.319946986
5.319534568
5.318029182
5.315268618
5.311090665
5.305333114
5.297833754
5.288430373
5.276960763
5.263262713
5.247174011
5.228532449
5.207175814
5.182941898
5.15566849
5.125204377
5.091687357
5.055565787
5.017303346
4.97736371
4.936210556
4.894307562
4.852118403
4.810106758
4.768736302
4.728470714
4.68977367
4.653108846
4.618939921
4.58773057
4.559944471
4.536045301
4.516496737
4.501762456
4.492306134
4.488591449
4.491082078
4.500241697
4.516533984
4.540422616
4.572371269
4.61284362
4.662303347
4.721214127
4.790039636
4.869243551
4.959152843
5.059532784
5.170004404
5.290188735
5.419706808
5.558179653
5.705228302
5.860473785
6.023537133
6.194039376
6.371601547
6.555844675
6.746389791
6.942857927
7.144870113
7.352047379
7.564010758
7.780381279
8.000779974
8.224827873
8.452146008
8.682355408
8.915077106
9.149932131
9.386541515
9.624526289
9.863507482
10.10310613
10.34294325
10.58263989
10.82184431
11.06080358
11.30034861
11.54133458
11.78461667
12.03105003
12.28148985
12.53679129
12.79780952
13.06539971
13.34041704
13.62371667
13.91615377
14.21858352
14.53186108
14.85684163
15.19438033
15.54533235
15.91055288
16.29089707
16.68722009
17.10037712
17.53122333
17.98061389
18.44940397
18.93844873
19.44860335
19.98072301
20.53566286
21.11427808
21.71742384
22.34570714
22.99882315
23.67625763
24.37749636
25.10202511
25.84932964
26.61889573
27.41020915
28.22275567
29.05602105
29.90949108
30.78265151
31.67498812
32.58598669
33.51513297
34.46191274
35.42581178
36.40631585
37.40291071
38.41508216
39.44231594
40.48409784
41.53991362
42.60924905
43.69158991
44.78642197
45.89323099
47.01150274
48.140723
49.28037754
50.42993826
51.58861876
52.75540416
53.92927168
55.10919854
56.29416197
57.48313919
58.67510743
59.86904391
61.06392585
62.25873048
63.45243502
64.6440167
65.83245274
67.01672037
68.19579681
69.36865928
70.53428501
71.69165122
72.83973514
73.977514
75.103965
76.21806539
77.31879238
78.4051232
79.47603507
80.53050522
81.56751087
82.58602924
83.58503756
84.56351306
85.52044002
86.45482591
87.36568299
88.25202349
89.11285967
89.94720376
90.75406801
91.53246466
92.28140596
92.99990416
93.68697149
94.3416202
94.96286253
95.54971074
96.10117706
96.61627374
97.09401301
97.53340714
97.93346835
98.2932089
98.61164103
98.88777698
99.120629
99.30920933
99.45253021
99.5496039
99.59944263
99.60105864
99.55346419
99.45567152
99.30671778
99.10603734
98.85338326
98.5485176
98.19120242
97.78119978
97.31827174
96.80218035
96.23268767
95.60955575
94.93254667
94.20142246
93.41594519
92.57587692
91.68097971
90.7310156
89.72574667
88.66493496
87.54834254
86.37573146
85.14686377
83.86150155
82.51940684
81.1203417
79.66406818
78.15034836
76.57894428
74.949618
73.26213157
71.51624707
69.71172756
67.8495908
65.93455193
63.97200378
61.96733919
59.92595098
57.853232
55.75457509
53.63537306
51.50101876
49.35690503
47.20842469
45.06097058
42.91993554
40.7907124
38.678694
36.58927316
34.52784273
32.49979553
30.51052441
28.56542219
26.66988172
24.82929582
23.04905733
21.33455909
19.69119392
18.12435467
16.63943417
15.24182524
13.93692074
12.73011349
11.62641138
10.625525
9.723311348
8.915540447
8.197982307
7.566406945
7.016584376
6.544284613
6.145277672
5.815333569
5.550222317
5.345713932
5.197578428
5.101585821
5.053506126
5.049109357
5.084165528
5.154444656
5.255716755
5.38375184
5.534319926
5.703191027
5.886135158
6.078922336
6.277322573
6.477105886
6.674042289
6.863901797
7.042454425
7.205470187
7.34872151
7.469270692
7.567591719
7.644716185
7.701675678
7.739501791
7.759226114
7.761880238
7.748495754
7.720104252
7.677737324
7.622426561
7.555203553
7.477099892
7.389147167
7.292376971
7.187820893
7.076510526
6.959477459
6.837753283
6.71236959
6.584357971
6.454750015
6.324577315
6.19487146
6.066664043
5.940986653
5.818870881
5.70134832
5.589450558
5.484209188
5.386591812
5.296800312
5.214531962
5.139475139
5.071318222
5.009749587
4.954457611
4.905130671
4.861457145
4.823125409
4.789823841
4.761240819
4.737064718
4.716983916
4.700686791
4.68786172
4.678197079
4.671381245
4.667102597
4.665049511
4.664910364
4.666373534
4.669127397
4.672860331
4.677260712
4.682016919
4.686817327
4.691350315
4.69530426
4.698367538
4.70022884
4.700667529
4.699678588
4.697288365
4.693523204
4.688409451
4.681973453
4.674241554
4.6652401
4.654995438
4.643533911
4.630881868
4.617065652
4.60211161
4.586046087
4.568895429
4.550685981
4.53144409
4.511196101
4.489968359
4.467787211
4.444679001
4.420670077
4.395786782
4.370055463
4.343502466
4.316154137
4.28803682
4.259176862
4.229600608
4.199334404
4.168427678
4.137171539
4.106001231
4.075353919
4.045666771
4.017376954
3.990921635
3.966737981
3.945263158
3.926934334
3.912188676
3.90146335
3.895195524
3.893822364
3.897781037
3.907508711
3.923442553
3.946019728
3.975677405
4.01285275
4.05798293
4.111505112
4.173856463
4.24547415
4.326795339
4.418257199
4.520296896
4.633351596
4.757858467
4.894254675
5.042975678
5.204153637
5.377271093
5.561726733
5.756919244
5.962247315
6.177109633
6.400904885
6.633031759
6.872888944
7.119875126
7.373388993
7.632829233
7.897594534
8.167083583
8.440695068
8.717827676
8.997880096
9.280251015
9.56433912
9.849543099
10.13526164
10.42089343
10.70583716
10.98949151
11.27125518
11.55052684
11.8267052
12.09918893
12.36737672
12.63066726
12.88873301
13.14376732
13.39932251
13.65896407
13.92625753
14.20476836
14.49806209
14.8097042
15.14326021
15.50229562
15.89037592
16.31106662
16.76793322
17.26454123
17.80445614
18.39124346
19.02846869
19.71969734
20.46849491
21.27842689
22.15305879
23.09595612
24.11068437
25.20080905
26.36989565
27.6215097
28.95921667
30.38658208
31.90717144
33.52455023
35.24225287
37.06011983
38.97085398
40.96634322
43.03847546
45.1791386
47.38022053
49.63360915
51.93119238
54.26485811
56.62649423
59.00798866
61.40122929
63.79810402
66.19050075
68.57030739
70.92941183
73.25970198
75.55306574
77.80139101
79.99656568
82.13047767
84.19501486
86.18206517
88.08351649
89.89125672
91.59717377
93.19315554
94.67108992
96.02286481
97.24036813
98.31674464
99.2553617
100.064561
100.7527174
101.3282058
101.7994012
102.1746784
102.4624123
102.6709779
102.80875
102.8841036
102.9054136
102.8810548
102.8194021
102.7288305
102.6177149
102.4944302
102.3673512
102.2448529
102.1353102
102.0470979
101.9885911
101.9681645
101.9941932
102.0750519
102.2191156
102.4347592
102.7303577
103.1142858
103.5949186
104.1805569
104.873242
105.6640879
106.5431092
107.5003206
108.5257367
109.6093723
110.741242
111.9113603
113.1097422
114.326402
115.5513547
116.7746147
117.9861968
119.1761157
120.3343859
121.4510222
122.5160393
123.5194517
124.4512742
125.3015214
126.0602081
126.7173487
127.2629581
127.6870509
127.9796418
128.1307453
128.1303763
127.9685492
127.6352789
127.12058
126.4161164
125.5254428
124.4573284
123.2205649
121.8239438
120.2762566
118.5862949
116.7628502
114.8147141
112.7506781
110.5795338
108.3100728
105.9510865
103.5113666
100.9997046
98.42489195
95.79572034
93.12098127
90.40946629
87.66996695
84.9112748
82.1421814
79.37147829
76.60795703
73.86040916
71.13762624
68.44839982
65.80152144
63.20578266
60.66997504
58.20283345
55.80951662
53.48953617
51.24190557
49.0656383
46.95974783
44.92324763
42.9551512
41.054472
39.22022351
37.4514192
35.74707255
34.10619705
32.52780616
31.01091336
29.55453212
28.15767594
26.81935827
25.5385926
24.3143924
23.14577116
22.03174234
20.97131942
19.96351588
19.0073452
18.10182085
17.24595631
16.43876506
15.67926056
14.96645631
14.29936577
13.6769416
13.09774669
12.56019011
12.06268057
11.60362677
11.18143742
10.79452122
10.44128687
10.12014308
9.829498555
9.567761992
9.333342099
9.12464758
8.940087138
8.778069478
8.637003303
8.515297318
8.411360226
8.323600731
8.250427538
8.19024935
8.141474871
8.102512805
8.071771856
8.047660728
8.028588125
8.012962751
7.99919331
7.985688506
7.970857043
7.953121516
7.931581526
7.906304754
7.877433333
7.845109394
7.809475069
7.770672492
7.728843792
7.684131104
7.636676558
7.586622287
7.534110423
7.479283098
7.422282444
7.363250593
7.302329678
7.23966183
7.175389181
7.109653863
7.04259801
6.974363751
6.905093221
6.83492855
6.764011871
6.692485316
6.620491017
6.548171106
6.475667715
6.403122976
6.330679022
6.258477984
6.18665658
6.115320604
6.044564894
5.974484273
5.905173565
5.836727592
5.769241179
5.702809149
5.637526325
5.573487532
5.510787592
5.449521329
5.389783568
5.33166913
5.27527284
5.220689522
5.168013998
5.117341093
5.06876563
5.022382433
4.978286324
4.936572128
4.897334668
4.860668767
4.82666925
4.79543094
4.767048659
4.741617233
4.719231484
4.699986235
4.683972902
4.671151041
4.661309328
4.654225059
4.64967553
4.647438036
4.647289872
4.649008334
4.652370718
4.657154319
4.663136433
4.670094355
4.677805381
4.686046806
4.694595927
4.703230037
4.711726434
4.719862412
4.727415267
4.734162295
4.739880791
4.744348051
4.74734137
4.748638043
4.748015368
4.745250638
4.740121149
4.732404198
4.721877079
4.708317088
4.691501521
4.671234258
4.647454675
4.620145209
4.589288314
4.554866445
4.516862054
4.475257598
4.430035529
4.381178302
4.328668371
4.27248819
4.212620213
4.149046895
4.081750689
4.01071405
3.935919432
3.857349289
3.774986076
3.688812245
3.598810252
3.50496255
3.407251595
3.305659839
3.200169737
3.090763744
2.977424312
2.860133898
2.738874953
2.613629934
2.484381294
2.351127986
2.214386434
2.07528124
1.934971798
1.794617498
1.655377736
1.518411903
1.384879393
1.255939598
1.13275191
1.016475724
0.908270432
0.809295426
0.720710099
0.643673845
0.579346056
0.528886125
0.493453445
0.474207408
0.472307408
0.488912838
0.525183089
0.582277556
0.66135563
0.763576706
0.890100175
1.04208543
1.220691865
1.427078872
1.662405844
1.927832174
2.224673141
2.55495399
2.920901979
3.324744378
3.768708456
4.255021486
4.785910737
5.363603479
5.990326985
6.668308523
7.399775364
8.18695478
9.032074041
9.937360416
10.90504118
11.9373436
13.03649494
14.20472248
15.44425349
16.75731524
18.146135
19.61294003
21.15995762
22.78941503
24.50353953
26.30455839
28.19469888
30.17618828
32.25125385
34.42212286
36.69084645
39.05491519
41.50695698
44.03936301
46.64452451
49.31483269
52.04267876
54.82045393
57.64054942
60.49535643
63.37726619
66.27866989
69.19195877
72.10952402
75.02375686
77.92704851
80.81179017
83.67037307
86.4951884
89.27862739
92.01308125
94.69094119
97.30459842
99.84644415
102.3088696
104.684266
106.9650245
109.1435364
111.2121929
113.1633851
114.9895043
116.6851586
118.2539833
119.7019115
121.0348761
122.2588101
123.3796465
124.4033182
125.3357583
126.1828998
126.9506755
127.6450185
128.2718618
128.8371383
129.346781
129.806723
130.2228972
130.6012365
130.9476739
131.2681425
131.5685752
131.854905
132.1330649
132.4089878
132.6886068
132.9778548
133.2826647
133.6089697
133.9627025
134.3497964
134.7761841
135.2474956
135.7627872
136.3147552
136.8958355
137.4984643
138.1150773
138.7381107
139.3600004
139.9731824
140.5700927
141.1431672
141.6848421
142.1875531
142.6437364
143.0458279
143.3862636
143.6574795
143.8519116
143.9619958
143.9801681
143.8988646
143.7105212
143.4075739
142.9824587
142.4276115
141.7354684
140.8984653
139.9090383
138.7596233
137.4426562
135.9505733
134.2789515
132.4348075
130.4277614
128.2674331
125.9634428
123.5254104
120.962956
118.2856995
115.5032612
112.6252609
109.6613187
106.6210547
103.5140889
100.3500413
97.1385319
93.88918084
90.61160811
87.31543373
84.01027776
80.70576021
77.41150113
74.13712055
70.89223851
67.68647503
64.52945017
61.43078394
58.40009639
55.44700755
52.58113746
49.81210615
47.1491972
44.59550736
42.14870261
39.80626444
37.56567437
35.4244139
33.37996455
31.42980783
29.57142524
27.8022983
26.11990852
24.5217374
23.00526646
21.5679772
20.20735114
18.92086979
17.70601466
16.56026725
15.48110908
14.46602166
13.51248649
12.61798509
11.77999896
10.99600963
10.26349859
9.579947356
8.94283744
8.349650352
7.7978676
7.284970696
6.808441218
6.366020685
5.956297913
5.578034072
5.229990328
4.910927851
4.619607809
4.35479137
4.115239702
3.899713973
3.706975352
3.535785008
3.384904107
3.253093819
3.139115312
3.041729753
2.959698312
2.891782157
2.836742455
2.793340375
2.760337086
2.736493755
2.720571551
2.711331642
2.707535197
2.707943383
2.711317369
2.716418322
2.722007413
2.726845807
2.729694675
2.729368689
2.725525199
2.718492481
2.708617401
2.696246825
2.68172762
2.665406652
2.647630787
2.628746892
2.609101833
2.589042477
2.568915691
2.54906834
2.52984729
2.51159941
2.494671564
2.47941062
2.466163443
2.455276901
2.447097859
2.441973185
2.440249744
2.442274402
2.448394027
2.458955485
2.474305643
2.494791365
2.52075952
2.552556974
2.590530592
2.635027089
2.686219571
2.743773985
2.80726416
2.876263927
2.950347116
3.029087557
3.11205908
3.198835515
3.288990694
3.382098445
3.477732599
3.575466987
3.674875438
3.775531782
3.877009851
3.978883473
4.08072648
4.182112701
4.282615966
4.381810107
4.479268952
4.574566333
4.667276079
4.756972021
4.843227988
4.925617812
5.003715321
5.077094347
5.14532872
5.207992269
5.264683161
5.315330655
5.360102974
5.399173639
5.432716167
5.460904076
5.483910887
5.501910117
5.515075286
5.523579911
5.527597512
5.527301607
5.522865715
5.514463355
5.502268046
5.486453305
5.467192652
5.444659606
5.419027685
5.390470408
5.359161293
5.32527386
5.288981626
5.250458112
5.209876835
5.167411314
5.123235067
5.077521615
5.030444474
4.982177164
4.932893184
4.882755904
4.831902135
4.780464385
4.728575164
4.676366981
4.623972346
4.571523768
4.519153755
4.466994818
4.415179466
4.363840208
4.313109553
4.263120011
4.21400409
4.1658943
4.118923151
4.073223152
4.028926811
3.986166639
3.945075145
3.905784837
3.868428225
3.833137819
3.800046127
3.76928566
3.740988926
3.715288434
3.692316694
3.672206215
3.655089507
3.641078554
3.630042386
3.621691199
3.615732443
3.611873569
3.609822031
3.609285277
3.609970761
3.611585933
3.613838245
3.616435149
3.619084095
3.621492535
3.62336792
3.624417703
3.624349333
3.622870264
3.619687945
3.614509829
3.607043367
3.59699601
3.58407521
3.567988418
3.548443085
3.525146663
3.497806604
3.466130358
3.429825377
3.388599113
3.342159017
3.290214805
3.233102284
3.172633692
3.110833981
3.049728101
2.991341
2.937697629
2.890822938
2.852741878
2.825479397
2.811060446
2.811509974
2.828852932
2.865114271
2.922318938
3.002491885
3.107658062
3.239842418
3.401069904
3.593365469
3.818754063
4.079260637
4.376910139
4.713727521
5.091737732
5.512965722
5.979436441
6.493174839
7.056205866
7.670554472
8.338245607
9.061072612
9.838429048
10.66828875
11.54860703
12.47733922
13.45244065
14.47186664
15.53357252
16.6355136
17.77564522
18.9519227
20.16230136
21.40473653
22.67718353
23.9775977
25.30393434
26.65414879
28.02619637
29.41803241
30.82761223
32.25289116
33.69182452
35.14236763
36.60247583
38.07010443
39.54320876
41.01974414
42.4976659
43.97492937
45.44948987
46.91930437
48.38261309
49.83825787
51.28515745
52.7222306
54.14839607
55.56257261
56.96367896
58.35063389
59.72235614
61.07776447
62.41577763
63.73531438
65.03529345
66.31463362
67.57225362
68.80707222
70.01800816
71.20398019
72.36390708
73.49670756
74.6013004
75.67660435
76.72153815
77.73502057
78.71597034
79.66330624
80.575947
81.45281138
82.29281813
83.09488601
83.85792699
84.58079129
85.26229609
85.90125828
86.49649473
87.04682232
87.55105792
88.00801842
88.4165207
88.77538163
89.08341808
89.33944694
89.54228509
89.6907494
89.78365675
89.81982402
89.79806808
89.71720582
89.57605412
89.37342984
89.10814987
88.77903108
88.38489036
87.92454458
87.39681062
86.80050536
86.13444567
85.39744843
84.58833053
83.70590884
82.74901339
81.71799321
80.6161084
79.44694817
78.21410175
76.92115834
75.57170716
74.16933741
72.71763831
71.22019907
69.68060891
68.10245703
66.48933265
64.84482498
63.17252324
61.47601663
59.75889437
58.02474567
56.27715974
54.5197258
52.75603305
50.98967071
49.224228
47.46329412
45.71045828
43.9693097
42.2434376
40.53643118
38.85187965
37.19337223
35.56449814
33.96861385
32.40720151
30.88083868
29.39009705
27.93554836
26.5177643
25.13731658
23.79477693
22.49071704
21.22570864
20.00032343
18.81513312
17.67070943
16.56762406
15.50644873
14.48775516
13.51211504
12.58010009
11.69228203
10.84923256
10.05152339
9.299726244
8.594412823
7.936154843
7.325524012
6.763092044
6.249430648
5.785111537
5.370706422
5.006787013
4.693912461
4.431604891
4.217590692
4.049417453
3.924632767
3.840784222
3.79541941
3.786085922
3.810331347
3.865703278
3.949749303
4.060017015
4.194054003
4.349407857
4.52362617
4.714256531
4.918846531
5.13494376
5.36009581
5.59185027
5.827754731
6.065356785
6.302204021
6.53584403
6.763824403
6.983692731
7.192996603
7.389283611
7.570101346
7.732997397
7.875519356
7.995523199
8.093067162
8.169167219
8.224843271
8.261115216
8.279002956
8.27952639
8.263705417
8.232559938
8.187109853
8.12837506
8.05737546
7.975130953
7.882661439
7.780986817
7.671126988
7.55410185
7.430931305
7.302635251
7.170233588
7.034746217
6.897193037
6.758593948
6.619968849
6.482337641
6.346720224
6.214136497
6.08560636
5.962149712
5.844786455
5.734528974
5.631925769
5.536798627
5.44890592
5.368006017
5.293857291
5.226218111
5.164846847
5.109501872
5.059941555
5.015924267
4.977208378
4.94355226
4.914714283
4.890452817
4.870526234
4.854692904
4.842711197
4.834339485
4.829336137
4.827459525
4.82846802
4.832119991
4.83817381
4.846387846
4.856520472
4.868330057
4.881574973
4.896013589
4.911404277
4.927505407
4.944084577
4.960967973
4.978004705
4.995043936
5.011934827
5.02852654
5.044668238
5.060209083
5.074998237
5.088884863
5.101718123
5.113347178
5.123621192
5.132389325
5.139500742
5.144804603
5.148150072
5.14938631
5.148362479
5.144927742
5.138931261
5.130222198
5.118649716
5.104062976
5.086311142
5.065243374
5.040708836
5.01255669
4.980636097
4.94479622
4.904890764
4.86099052
4.813474261
4.762744182
4.709202478
4.653251342
4.595292969
4.535729553
4.474963288
4.413396369
4.351430989
4.289469344
4.227913627
4.167166032
4.107628754
4.049703988
3.993793926
3.940300764
3.889626697
3.842173917
3.798344619
3.758540999
3.723165249
3.692619564
3.667306139
3.647627167
3.633984843
3.626781362
3.626418916
3.633299702
3.647825913
3.670301759
3.700477008
3.737906621
3.782145347
3.832747935
3.889269134
3.951263693
4.018286359
4.089891882
4.16563501
4.245070493
4.327753078
4.413237516
4.501078553
4.590830939
4.682049424
4.774288754
4.86710368
4.960048949
5.052679311
5.144549515
5.235214308
5.32422844
5.41114666
5.495523715
5.576914356
5.65487333
5.728955386
5.798715273
5.86370774
5.923513215
5.978687962
6.031043029
6.082472048
6.134868646
6.190126453
6.250139098
6.316800211
6.392003421
6.477642357
6.575610649
6.687801925
6.816109815
6.962427948
7.128649954
7.316669461
7.5283801
7.765675498
8.030449286
8.324595093
8.650006548
9.00857728
9.402200919
9.832771094
10.30218143
10.81232557
11.36509712
11.96238974
12.60609703
13.29811263
14.04033018
14.83410443
15.67806837
16.5699976
17.50766739
18.48885303
19.51132979
20.57287295
21.6712578
22.80425961
23.96965367
25.16521524
26.38871962
27.63794208
28.9106579
30.20464236
31.51767074
32.84751832
34.19196038
35.5487722
36.91572906
38.29060623
39.671179
41.05522265
42.44051245
43.82482369
45.20593165
46.5816116
47.94963882
49.3077886
50.65383622
51.9856214
53.30297358
54.60804247
55.90310886
57.19045352
58.47235726
59.75110085
61.02896509
62.30823077
63.59117866
64.88008957
66.17724427
67.48492355
68.80540821
70.14097903
71.49391679
72.86650229
74.26101631
75.67973965
77.12495308
78.5989374
80.10397339
81.64234184
83.21632354
84.82819928
86.48024985
88.17475602
89.9139986
91.70025836
93.5358161
95.42295261
97.3621154
99.34547719
101.362877
103.4041539
105.4591467
107.5176943
109.5696357
111.6048099
113.6130558
115.5842122
117.5081182
119.3746126
121.1735345
122.8947227
124.5280162
126.0632539
127.4902748
128.7989177
129.9790216
131.0204255
131.9129683
132.6464889
133.2108263
133.5958193
133.791307
133.7871282
133.5731219
133.1391271
132.4749826
131.5705274
130.4160367
129.0129152
127.3743429
125.5140653
123.4458277
121.1833755
118.7404542
116.1308091
113.3681857
110.4663293
107.4389855
104.2998996
101.0628169
97.74148302
94.34964324
90.901043
87.40942771
83.88854278
80.35213362
76.81394565
73.28772427
69.78721489
66.32616292
62.91831377
59.57741286
56.31720559
53.15143738
50.09385363
47.15819975
44.35822116
41.70766326
39.21711707
36.88444275
34.70428911
32.671305
30.78013924
29.02544066
27.4018581
25.90404039
24.52663636
23.26429484
22.11166467
21.06339468
20.1141337
19.25853056
18.49123409
17.80689313
17.20015651
16.66567305
16.19809161
15.79206099
15.44223004
15.14324759
14.88976247
14.67642352
14.49787956
14.34877943
14.22377195
14.11750597
14.02463031
13.93979381
13.85776541
13.77588381
13.69395468
13.61188323
13.52957466
13.44693417
13.36386699
13.2802783
13.19607332
13.11115726
13.02543532
12.93881272
12.85119465
12.76248632
12.67259294
12.58141973
12.48887187
12.39485459
12.29927309
12.20203257
12.10303825
12.00219533
11.89940901
11.7945845
11.68762702
11.57844177
11.46693394
11.35300876
11.23657143
11.11752716
10.99578115
10.87130326
10.74429677
10.61501754
10.48372149
10.3506645
10.21610246
10.08029127
9.94348682
9.805945004
9.667921714
9.529672843
9.391454284
9.25352193
9.116131675
8.97953941
8.84400103
8.709772426
8.577109492
8.446268121
8.317504206
8.19107364
8.067232315
7.946236124
7.828340962
7.71380272
7.602877291
7.495820568
7.392888445
7.294336815
7.200421569
7.111385998