7.027244563
6.947812421
6.872898063
6.802309981
6.735856668
6.673346615
6.614588315
6.559390259
6.507560939
6.458908848
6.413242477
6.370370318
6.330100864
6.292242607
6.256604037
6.222993648
6.191219932
6.161091379
6.132416484
6.105003736
6.078661629
6.053198654
6.028423304
6.00414407
5.980169444
5.956307919
5.932367986
5.908158137
5.883486865
5.85816268
5.832058393
5.805254561
5.777873619
5.750038005
5.721870155
5.693492504
5.665027491
5.63659755
5.608325118
5.580332631
5.552742526
5.52567724
5.499259208
5.473610866
5.448854652
5.425113002
5.402508351
5.381163136
5.361199794
5.342740761
5.325908473
5.310825367
5.297613878
5.286396444
5.2772955
5.270433483
5.26593283
5.263915976
5.264505358
5.267823412
5.273979906
5.282887442
5.294302874
5.307978809
5.323667857
5.341122627
5.360095728
5.380339768
5.401607357
5.423651102
5.446223614
5.469077501
5.491965372
5.514639836
5.536853501
5.558358978
5.578908873
5.598255797
5.616152358
5.632351166
5.646604828
5.658665955
5.668287154
5.675221035
5.679220207
5.680037278
5.677424857
5.671135554
5.660921977
5.646536735
5.627732583
5.604416232
5.576940252
5.545737459
5.51124067
5.4738827
5.434096367
5.392314485
5.348969873
5.304495346
5.25932372
5.213887811
5.168620437
5.123954413
5.080322555
5.038157681
4.997892605
4.959960146
4.924793118
4.892824338
4.864486622
4.840212788
4.82043565
4.805588026
4.796102732
4.792412584
4.794950398
4.80414899
4.820441178
4.844259777
4.876037603
4.916299072
4.966800697
5.030181273
5.109098778
5.20621119
5.324176486
5.465652643
5.633297639
5.82976945
6.057726054
6.319825429
6.618725551
6.957084399
7.337559948
7.762810177
8.235493063
8.758266584
9.333788715
9.964717436
10.65371072
11.40342655
12.2165229
13.09565775
14.04348908
15.06267485
16.15587306
17.32574167
18.57493867
19.90612203
21.32194973
22.82507433
24.41555331
26.08669678
27.83073232
29.6398875
31.50638988
33.42246703
35.38034653
37.37225594
39.39042283
41.42707478
43.47443935
45.52474411
47.57021663
49.60308449
51.61557525
53.59991647
55.54833574
57.45306062
59.30631868
61.10033749
62.82734462
64.47956763
66.04923411
67.52857161
68.90980771
70.18516999
71.34688599
72.38718331
73.2982895
74.07243214
74.70263925
75.1913116
75.54692905
75.77807424
75.8933298
75.90127837
75.81050258
75.62958507
75.36710848
75.03165544
74.63180859
74.17615057
73.673264
73.13173153
72.56013579
71.96705942
71.36108505
70.75079533
70.14477288
69.55160034
68.97986034
68.43813554
67.93500855
67.47906201
67.07887857
66.74304086
66.48013151
66.29873315
66.20742844
66.21479999
66.32941447
66.55560422
66.88780002
67.31901957
67.84228057
68.45060071
69.13699768
69.89448918
70.71609292
71.59482658
72.52370786
73.49575445
74.50398406
75.54141437
76.60106309
77.67594791
78.75908653
79.84349663
80.92219592
81.9882021
83.03453286
84.05420589
85.04023889
85.98564956
86.88345559
87.72667468
88.50832452
89.22142282
89.85898726
90.41403554
90.87958536
91.2491597
91.52146265
91.69823897
91.78127209
91.77234544
91.67324247
91.48574661
91.21164129
90.85270995
90.41073602
89.88750294
89.28479415
88.60439308
87.84808317
87.01764785
86.11487056
85.14153473
84.0994238
82.9903212
81.81601037
80.57827475
79.27889777
77.91966287
76.50235347
75.02875303
73.50064497
71.91981272
70.28803973
68.60710943
66.87880526
65.10491582
63.28808655
61.43276788
59.54363878
57.6253782
55.6826651
53.72017843
51.74259715
49.75460021
47.76086658
45.7660752
43.77490505
41.79203506
39.8221442
37.86991143
35.94001571
34.03713597
32.1659512
30.33114034
28.53738234
26.78935617
25.09174078
23.44921513
21.86645817
20.34814886
18.89896616
17.52358903
16.22669641
15.01296727
13.88708057
12.85371525
11.91695494
11.07551044
10.32524301
9.661987747
9.081579741
8.579854095
8.15264591
7.795790282
7.50512231
7.276477095
7.105689734
6.988595325
6.921028969
6.898825763
6.917820806
6.973849198
7.062746036
7.18034642
7.322485448
7.484998219
7.663719832
7.854485385
8.053129978
8.255488708
8.457396676
8.654688979
8.843200716
9.018766986
9.177222889
9.314403521
9.426159734
9.510108359
9.567223211
9.598853835
9.606349774
9.591060571
9.55433577
9.497524914
9.421977547
9.329043211
9.22007145
9.096411808
8.959413827
8.810427051
8.650801024
8.481885289
8.305029388
8.121582867
7.932895266
7.740316132
7.545195005
7.34888143
7.152724951
6.95807511
6.766281451
6.578693516
6.396660851
6.221532997
6.054659499
5.897389899
5.751073741
5.616916583
5.04
5.039030137
5.038060274
5.037090411
5.036120548
5.035150685
5.034180822
5.033210959
5.032241096
5.031271233
5.03030137
5.029331507
5.028361644
5.027391781
5.026421918
5.025452055
5.024482192
5.023512329
5.022542466
5.021572603
5.02060274
5.019632877
5.018663014
5.017693151
5.016723288
5.015753425
5.014783562
5.013813699
5.012843836
5.011873973
5.01090411
5.009430137
5.001024658
4.992619178
4.984213699
4.975808219
4.96740274
4.95899726
4.950591781
4.942186301
4.933780822
4.925375342
4.916969863
4.908564384
4.900158904
4.891753425
4.883347945
4.874942466
4.866536986
4.858131507
4.849726027
4.841320548
4.832915068
4.824509589
4.81610411
4.80769863
4.799293151
4.790887671
4.782482192
4.774076712
4.765671233
4.757265753
4.765123288
4.876657534
4.988191781
5.099726027
5.211260274
5.322794521
5.434328767
5.545863014
5.65739726
5.768931507
5.880465753
5.992
6.103534247
6.215068493
6.32660274
6.438136986
6.549671233
6.661205479
6.772739726
6.884273973
6.995808219
7.107342466
7.218876712
7.330410959
7.441945205
7.553479452
7.665013699
7.776547945
7.888082192
7.999616438
8.111150685
8.353863014
9.110356164
9.866849315
10.62334247
11.37983562
12.13632877
12.89282192
13.64931507
14.40580822
15.16230137
15.91879452
16.67528767
17.43178082
18.18827397
18.94476712
19.70126027
20.45775342
21.21424658
21.97073973
22.72723288
23.48372603
24.24021918
24.99671233
25.75320548
26.50969863
27.26619178
28.02268493
28.77917808
29.53567123
30.29216438
31.04865753
31.85863014
32.81232877
33.7660274
34.71972603
35.67342466
36.62712329
37.58082192
38.53452055
39.48821918
40.44191781
41.39561644
42.34931507
43.3030137
44.25671233
45.21041096
46.16410959
47.11780822
48.07150685
49.02520548
49.97890411
50.93260274
51.88630137
52.84
53.79369863
54.74739726
55.70109589
56.65479452
57.60849315
58.56219178
59.51589041
60.46958904
62.04136986
64.81841096
67.59545205
70.37249315
73.14953425
75.92657534
78.70361644
81.48065753
84.25769863
87.03473973
89.81178082
92.58882192
95.36586301
98.14290411
100.9199452
103.6969863
106.4740274
109.2510685
112.0281096
114.8051507
117.5821918
120.3592329
123.136274
125.9133151
128.6903562
131.4673973
134.2444384
137.0214795
139.7985205
142.5755616
145.3526027
146.4739726
145.1808219
143.8876712
142.5945205
141.3013699
140.0082192
138.7150685
137.4219178
136.1287671
134.8356164
133.5424658
132.2493151
130.9561644
129.6630137
128.369863
127.0767123
125.7835616
124.490411
123.1972603
121.9041096
120.6109589
119.3178082
118.0246575
116.7315068
115.4383562
114.1452055
112.8520548
111.5589041
110.2657534
108.9726027
107.6794521
106.5535342
105.6127671
104.672
103.7312329
102.7904658
101.8496986
100.9089315
99.96816438
99.02739726
98.08663014
97.14586301
96.20509589
95.26432877
94.32356164
93.38279452
92.4420274
91.50126027
90.56049315
89.61972603
88.6789589
87.73819178
86.79742466
85.85665753
84.91589041
83.97512329
83.03435616
82.09358904
81.15282192
80.21205479
79.27128767
78.33052055
76.84093151
74.88827397
72.93561644
70.9829589
69.03030137
67.07764384
65.1249863
63.17232877
61.21967123
59.2670137
57.31435616
55.36169863
53.4090411
51.45638356
49.50372603
47.55106849
45.59841096
43.64575342
41.69309589
39.74043836
37.78778082
35.83512329
33.88246575
31.92980822
29.97715068
28.02449315
26.07183562
24.11917808
22.16652055
20.21386301
18.26120548
17.32798904
17.04608219
16.76417534
16.48226849
16.20036164
15.91845479
15.63654795
15.3546411
15.07273425
14.7908274
14.50892055
14.2270137
13.94510685
13.6632
13.38129315
13.0993863
12.81747945
12.5355726
12.25366575
11.9717589
11.68985205
11.40794521
11.12603836
10.84413151
10.56222466
10.28031781
9.998410959
9.71650411
9.43459726
9.152690411
8.870783562
8.70621764
8.597388658
8.488559677
8.379730695
8.270901714
8.162072732
8.053243751
7.944414769
7.835585787
7.726756806
7.617927824
7.509098843
7.400269861
7.29144088
7.182611898
7.073782917
6.964953935
6.856124954
6.747295972
6.638466991
6.529638009
6.420809028
6.311980046
6.203151065
6.094322083
5.985493102
5.87666412
5.767835139
5.659006157
5.550177175
5.441348194
5.353799309
5.273505003
5.193210697
5.112916391
5.032622085
4.952327779
4.872033472
4.791739166
4.71144486
4.631150554
4.550856248
4.470561942
4.390267636
4.309973329
4.229679023
4.149384717
4.069090411
3.988796105
3.908501799
3.828207493
3.747913186
3.66761888
3.587324574
3.507030268
3.426735962
3.346441656
3.266147349
3.185853043
3.105558737
3.025264431
2.944970125
2.930263014
2.930586301
2.930909589
2.931232877
2.931556164
2.931879452
2.93220274
2.932526027
2.932849315
2.933172603
2.93349589
2.933819178
2.934142466
2.934465753
2.934789041
2.935112329
2.935435616
2.935758904
2.936082192
2.936405479
2.936728767
2.937052055
2.937375342
2.93769863
2.938021918
2.938345205
2.938668493
2.938991781
2.939315068
2.939638356
2.939961644
2.997841096
3.063468493
3.12909589
3.194723288
3.260350685
3.325978082
3.391605479
3.457232877
3.522860274
3.588487671
3.654115068
3.719742466
3.785369863
3.85099726
3.916624658
3.982252055
4.047879452
4.113506849
4.179134247
4.244761644
4.310389041
4.376016438
4.441643836
4.507271233
4.57289863
4.638526027
4.704153425
4.769780822
4.835408219
4.901035616
4.966663014
4.988717808
5.008438356
5.028158904
5.047879452
5.0676
5.087320548
5.107041096
5.126761644
5.146482192
5.16620274
5.185923288
5.205643836
5.225364384
5.245084932
5.264805479
5.284526027
5.304246575
5.323967123
5.343687671
5.363408219
5.383128767
5.402849315
5.422569863
5.442290411
5.462010959
5.481731507
5.501452055
5.521172603
5.540893151
5.560613699
5.588668493
6.100109589
6.611550685
7.122991781
7.634432877
8.145873973
8.657315068
9.168756164
9.68019726
10.19163836
10.70307945
11.21452055
11.72596164
12.23740274
12.74884384
13.26028493
13.77172603
14.28316712
14.79460822
15.30604932
15.81749041
16.32893151
16.8403726
17.3518137
17.86325479
18.37469589
18.88613699
19.39757808
19.90901918
20.42046027
20.93190137
21.50876712
22.79221918
24.07567123
25.35912329
26.64257534
27.9260274
29.20947945
30.49293151
31.77638356
33.05983562
34.34328767
35.62673973
36.91019178
38.19364384
39.47709589
40.76054795
42.044
43.32745205
44.61090411
45.89435616
47.17780822
48.46126027
49.74471233
51.02816438
52.31161644
53.59506849
54.87852055
56.1619726
57.44542466
58.72887671
60.01232877
61.37567123
63.18284932
64.9900274
66.79720548
68.60438356
70.41156164
72.21873973
74.02591781
75.83309589
77.64027397
79.44745205
81.25463014
83.06180822
84.8689863
86.67616438
88.48334247
90.29052055
92.09769863
93.90487671
95.71205479
97.51923288
99.32641096
101.133589
102.9407671
104.7479452
106.5551233
108.3623014
110.1694795
111.9766575
113.7838356
115.5910137
116.7521096
115.6270685
114.5020274
113.3769863
112.2519452
111.1269041
110.001863
108.8768219
107.7517808
106.6267397
105.5016986
104.3766575
103.2516164
102.1265753
101.0015342
99.87649315
98.75145205
97.62641096
96.50136986
95.37632877
94.25128767
93.12624658
92.00120548
90.87616438
89.75112329
88.62608219
87.5010411
86.376
85.2509589
84.12591781
83.00087671
81.89632877
80.84241096
79.78849315
78.73457534
77.68065753
76.62673973
75.57282192
74.51890411
73.4649863
72.41106849
71.35715068
70.30323288
69.24931507
68.19539726
67.14147945
66.08756164
65.03364384
63.97972603
62.92580822
61.87189041
60.8179726
59.76405479
58.71013699
57.65621918
56.60230137
55.54838356
54.49446575
53.44054795
52.38663014
51.33271233
50.27879452
49.22027397
48.15342466
47.08657534
46.01972603
44.95287671
43.8860274
42.81917808
41.75232877
40.68547945
39.61863014
38.55178082
37.48493151
36.41808219
35.35123288
34.28438356
33.21753425
32.15068493
31.08383562
30.0169863
28.95013699
27.88328767
26.81643836
25.74958904
24.68273973
23.61589041
22.5490411
21.48219178
20.41534247
19.34849315
18.28164384
17.21479452
16.5369863
16.38827397
16.23956164
16.09084932
15.94213699
15.79342466
15.64471233
15.496
15.34728767
15.19857534
15.04986301
14.90115068
14.75243836
14.60372603
14.4550137
14.30630137
14.15758904
14.00887671
13.86016438
13.71145205
13.56273973
13.4140274
13.26531507
13.11660274
12.96789041
12.81917808
12.67046575
12.52175342
12.3730411
12.22432877
12.07561644
11.90259178
11.70441644
11.5062411
11.30806575
11.10989041
10.91171507
10.71353973
10.51536438
10.31718904
10.1190137
9.920838356
9.722663014
9.524487671
9.326312329
9.128136986
8.929961644
8.731786301
8.533610959
8.335435616
8.137260274
7.939084932
7.740909589
7.542734247
7.344558904
7.146383562
6.948208219
6.750032877
6.551857534
6.353682192
6.155506849
5.957331507
5.819731507
5.729857534
5.639983562
5.550109589
5.460235616
5.370361644
5.280487671
5.190613699
5.100739726
5.010865753
4.920991781
4.831117808
4.741243836
4.651369863
4.56149589
4.471621918
4.381747945
4.291873973
4.202
4.112126027
4.022252055
3.932378082
3.84250411
3.752630137
3.662756164
3.572882192
3.483008219
3.393134247
3.303260274
3.213386301
3.123512329
3.07499726
3.051073973
3.027150685
3.003227397
2.97930411
2.955380822
2.931457534
2.907534247
2.883610959
2.859687671
2.835764384
2.811841096
2.787917808
2.763994521
2.740071233
2.716147945
2.692224658
2.66830137
2.644378082
2.620454795
2.596531507
2.572608219
2.548684932
2.524761644
2.500838356
2.476915068
2.452991781
2.429068493
2.405145205
2.381221918
2.35729863
2.388191781
2.443150685
2.498109589
2.553068493
2.608027397
2.662986301
2.717945205
2.77290411
2.827863014
2.882821918
2.937780822
2.992739726
3.04769863
3.102657534
3.157616438
3.212575342
3.267534247
3.322493151
3.377452055
3.432410959
3.487369863
3.542328767
3.597287671
3.652246575
3.707205479
3.762164384
3.817123288
3.872082192
3.927041096
3.982
4.036958904
4.147643836
4.275665753
4.403687671
4.531709589
4.659731507
4.787753425
4.915775342
5.04379726
5.171819178
5.299841096
5.427863014
5.555884932
5.683906849
5.811928767
5.939950685
6.067972603
6.195994521
6.324016438
6.452038356
6.580060274
6.708082192
6.83610411
6.964126027
7.092147945
7.220169863
7.348191781
7.476213699
7.604235616
7.732257534
7.860279452
7.98830137
8.21110137
8.453243836
8.695386301
8.937528767
9.179671233
9.421813699
9.663956164
9.90609863
10.1482411
10.39038356
10.63252603
10.87466849
11.11681096
11.35895342
11.60109589
11.84323836
12.08538082
12.32752329
12.56966575
12.81180822
13.05395068
13.29609315
13.53823562
13.78037808
14.02252055
14.26466301
14.50680548
14.74894795
14.99109041
15.23323288
15.47537534
16.348
17.292
18.236
19.18
20.124
21.068
22.012
22.956
23.9
24.844
25.788
26.732
27.676
28.62
29.564
30.508
31.452
32.396
33.34
34.284
35.228
36.172
37.116
38.06
39.004
39.948
40.892
41.836
42.78
43.724
44.668
46.41780822
48.19589041
49.9739726
51.75205479
53.53013699
55.30821918
57.08630137
58.86438356
60.64246575
62.42054795
64.19863014
65.97671233
67.75479452
69.53287671
71.3109589
73.0890411
74.86712329
76.64520548
78.42328767
80.20136986
81.97945205
83.75753425
85.53561644
87.31369863
89.09178082
90.86986301
92.64794521
94.4260274
96.20410959
97.98219178
99.70361644
99.81030137
99.9169863
100.0236712
100.1303562
100.2370411
100.343726
100.450411
100.5570959
100.6637808
100.7704658
100.8771507
100.9838356
101.0905205
101.1972055
101.3038904
101.4105753
101.5172603
101.6239452
101.7306301
101.8373151
101.944
102.0506849
102.1573699
102.2640548
102.3707397
102.4774247
102.5841096
102.6907945
102.7974795
102.9041644
102.8750685
101.6465753
100.4180822
99.18958904
97.96109589
96.73260274
95.50410959
94.27561644
93.04712329
91.81863014
90.59013699
89.36164384
88.13315068
86.90465753
85.67616438
84.44767123
83.21917808
81.99068493
80.76219178
79.53369863
78.30520548
77.07671233
75.84821918
74.61972603
73.39123288
72.16273973
70.93424658
69.70575342
68.47726027
67.24876712
66.02027397
64.72821918
63.12471233
61.52120548
59.91769863
58.31419178
56.71068493
55.10717808
53.50367123
51.90016438
50.29665753
48.69315068
47.08964384
45.48613699
43.88263014
42.27912329
40.67561644
39.07210959
37.46860274
35.86509589
34.26158904
32.65808219
31.05457534
29.45106849
27.84756164
26.24405479
24.64054795
23.0370411
21.43353425
19.8300274
18.22652055
16.6230137
15.35358904
15.158
14.96241096
14.76682192
14.57123288
14.37564384
14.18005479
13.98446575
13.78887671
13.59328767
13.39769863
13.20210959
13.00652055
12.81093151
12.61534247
12.41975342
12.22416438
12.02857534
11.8329863
11.63739726
11.44180822
11.24621918
11.05063014
10.8550411
10.65945205
10.46386301
10.26827397
10.07268493
9.87709589
9.681506849
9.485917808
9.32830137
9.257178082
9.186054795
9.114931507
9.043808219
8.972684932
8.901561644
8.830438356
8.759315068
8.688191781
8.617068493
8.545945205
8.474821918
8.40369863
8.332575342
8.261452055
8.190328767
8.119205479
8.048082192
7.976958904
7.905835616
7.834712329
7.763589041
7.692465753
7.621342466
7.550219178
7.47909589
7.407972603
7.336849315
7.265726027
7.19460274
7.144816438
7.130915068
7.117013699
7.103112329
7.089210959
7.075309589
7.061408219
7.047506849
7.033605479
7.01970411
7.00580274
6.99190137
6.978
6.96409863
6.95019726
6.93629589
6.922394521
6.908493151
6.894591781
6.880690411
6.866789041
6.852887671
6.838986301
6.825084932
6.811183562
6.797282192
6.783380822
6.769479452
6.755578082
6.741676712
6.727775342
6.715156164
6.704164384
6.693172603
6.682180822
6.671189041
6.66019726
6.649205479
6.638213699
6.627221918
6.616230137
6.605238356
6.594246575
6.583254795
6.572263014
6.561271233
6.550279452
6.539287671
6.52829589
6.51730411
6.506312329
6.495320548
6.484328767
6.473336986
6.462345205
6.451353425
6.440361644
6.429369863
6.418378082
6.407386301
6.396394521
6.38540274
6.342356164
6.268323288
6.194290411
6.120257534
6.046224658
5.972191781
5.898158904
5.824126027
5.750093151
5.676060274
5.602027397
5.527994521
5.453961644
5.379928767
5.30589589
5.231863014
5.157830137
5.08379726
5.009764384
4.935731507
4.86169863
4.787665753
4.713632877
4.6396
4.565567123
4.491534247
4.41750137
4.343468493
4.269435616
4.19540274
4.121369863
4.143282192
4.235742466
4.32820274
4.420663014
4.513123288
4.605583562
4.698043836
4.79050411
4.882964384
4.975424658
5.067884932
5.160345205
5.252805479
5.345265753
5.437726027
5.530186301
5.622646575
5.715106849
5.807567123
5.900027397
5.992487671
6.084947945
6.177408219
6.269868493
6.362328767
6.454789041
6.547249315
6.639709589
6.732169863
6.824630137
6.917090411
7.36539726
8.010356164
8.655315068
9.300273973
9.945232877
10.59019178
11.23515068
11.88010959
12.52506849
13.1700274
13.8149863
14.45994521
15.10490411
15.74986301
16.39482192
17.03978082
17.68473973
18.32969863
18.97465753
19.61961644
20.26457534
20.90953425
21.55449315
22.19945205
22.84441096
23.48936986
24.13432877
24.77928767
25.42424658
26.06920548
26.71416438
27.62953425
28.65435616
29.67917808
30.704
31.72882192
32.75364384
33.77846575
34.80328767
35.82810959
36.85293151
37.87775342
38.90257534
39.92739726
40.95221918
41.9770411
43.00186301
44.02668493
45.05150685
46.07632877
47.10115068
48.1259726
49.15079452
50.17561644
51.20043836
52.22526027
53.25008219
54.27490411
55.29972603
56.32454795
57.34936986
58.37419178
59.60317808
60.88986301
62.17654795
63.46323288
64.74991781
66.03660274
67.32328767
68.6099726
69.89665753
71.18334247
72.4700274
73.75671233
75.04339726
76.33008219
77.61676712
78.90345205
80.19013699
81.47682192
82.76350685
84.05019178
85.33687671
86.62356164
87.91024658
89.19693151
90.48361644
91.77030137
93.0569863
94.34367123
95.63035616
96.9170411
98.20372603
98.99178082
99.69008219
100.3883836
101.0866849
101.7849863
102.4832877
103.181589
103.8798904
104.5781918
105.2764932
105.9747945
106.6730959
107.3713973
108.0696986
108.768
109.4663014
110.1646027
110.8629041
111.5612055
112.2595068
112.9578082
113.6561096
114.354411
115.0527123
115.7510137
116.4493151
117.1476164
117.8459178
118.5442192
119.2425205
119.9408219
117.5381918
114.8484384
112.1586849
109.4689315
106.7791781
104.0894247
101.3996712
98.70991781
96.02016438
93.33041096
90.64065753
87.95090411
85.26115068
82.57139726
79.88164384
77.19189041
74.50213699
71.81238356
69.12263014
66.43287671
63.74312329
61.05336986
58.36361644
55.67386301
52.98410959
50.29435616
47.60460274
44.91484932
42.22509589
39.53534247
36.84558904
35.95463014
35.09468493
34.23473973
33.37479452
32.51484932
31.65490411
30.7949589
29.9350137
29.07506849
28.21512329
27.35517808
26.49523288
25.63528767
24.77534247
23.91539726
23.05545205
22.19550685
21.33556164
20.47561644
19.61567123
18.75572603
17.89578082
17.03583562
16.17589041
15.31594521
14.456
13.59605479
12.73610959
11.87616438
11.01621918
10.19521644
10.10113973
10.00706301
9.912986301
9.818909589
9.724832877
9.630756164
9.536679452
9.44260274
9.348526027
9.254449315
9.160372603
9.06629589
8.972219178
8.878142466
8.784065753
8.689989041
8.595912329
8.501835616
8.407758904
8.313682192
8.219605479
8.125528767
8.031452055
7.937375342
7.84329863
7.749221918
7.655145205
7.561068493
7.466991781
7.372915068
7.285320548
7.245879452
7.206438356
7.16699726
7.127556164
7.088115068
7.048673973
7.009232877
6.969791781
6.930350685
6.890909589
6.851468493
6.812027397
6.772586301
6.733145205
6.69370411
6.654263014
6.614821918
6.575380822
6.535939726
6.49649863
6.457057534
6.417616438
6.378175342
6.338734247
6.299293151
6.259852055
6.220410959
6.180969863
6.141528767
6.102087671
6.066805479
6.049671233
6.032536986
6.01540274
5.998268493
5.981134247
5.964
5.946865753
5.929731507
5.91259726
5.895463014
5.878328767
5.861194521
5.844060274
5.826926027
5.809791781
5.792657534
5.775523288
5.758389041
5.741254795
5.724120548
5.706986301
5.689852055
5.672717808
5.655583562
5.638449315
5.621315068
5.604180822
5.587046575
5.569912329
5.552778082
5.530712329
5.494180822
5.457649315
5.421117808
5.384586301
5.348054795
5.311523288
5.274991781
5.238460274
5.201928767
5.16539726
5.128865753
5.092334247
5.05580274
5.019271233
4.982739726
4.946208219
4.909676712
4.873145205
4.836613699
4.800082192
4.763550685
4.727019178
4.690487671
4.653956164
4.617424658
4.580893151
4.544361644
4.507830137
4.47129863
4.434767123
4.401046575
4.373243836
4.345441096
4.317638356
4.289835616
4.262032877
4.234230137
4.206427397
4.178624658
4.150821918
4.123019178
4.095216438
4.067413699
4.039610959
4.011808219
3.984005479
3.95620274
3.9284
3.90059726
3.872794521
3.844991781
3.817189041
3.789386301
3.761583562
3.733780822
3.705978082
3.678175342
3.650372603
3.622569863
3.594767123
3.566964384
3.598394521
3.722536986
3.846679452
3.970821918
4.094964384
4.219106849
4.343249315
4.467391781
4.591534247
4.715676712
4.839819178
4.963961644
5.08810411
5.212246575
5.336389041
5.460531507
5.584673973
5.708816438
5.832958904
5.95710137
6.081243836
6.205386301
6.329528767
6.453671233
6.577813699
6.701956164
6.82609863
6.950241096
7.074383562
7.198526027
7.322668493
7.737819178
8.497868493
9.257917808
10.01796712
10.77801644
11.53806575
12.29811507
13.05816438
13.8182137
14.57826301
15.33831233
16.09836164
16.85841096
17.61846027
18.37850959
19.1385589
19.89860822
20.65865753
21.41870685
22.17875616
22.93880548
23.69885479
24.45890411
25.21895342
25.97900274
26.73905205
27.49910137
28.25915068
29.0192
29.77924932
30.53929863
31.50131507
32.64575342
33.79019178
34.93463014
36.07906849
37.22350685
38.36794521
39.51238356
40.65682192
41.80126027
42.94569863
44.09013699
45.23457534
46.3790137
47.52345205
48.66789041
49.81232877
50.95676712
52.10120548
53.24564384
54.39008219
55.53452055
56.6789589
57.82339726
58.96783562
60.11227397
61.25671233
62.40115068
63.54558904
64.6900274
65.83446575
67.69424658
70.04454795
72.39484932
74.74515068
77.09545205
79.44575342
81.79605479
84.14635616
86.49665753
88.8469589
91.19726027
93.54756164
95.89786301
98.24816438
100.5984658
102.9487671
105.2990685
107.6493699
109.9996712
112.3499726
114.700274
117.0505753
119.4008767
121.7511781
124.1014795
126.4517808
128.8020822
131.1523836
133.5026849
135.8529863
138.2032877
137.4870137
135.198137
132.9092603
130.6203836
128.3315068
126.0426301
123.7537534
121.4648767
119.176
116.8871233
114.5982466
112.3093699
110.0204932
107.7316164
105.4427397
103.153863
100.8649863
98.57610959
96.28723288
93.99835616
91.70947945
89.42060274
87.13172603
84.84284932
82.5539726
80.26509589
77.97621918
75.68734247
73.39846575
71.10958904
68.82071233
67.50257534
66.54564384
65.58871233
64.63178082
63.67484932
62.71791781
61.7609863
60.80405479
59.84712329
58.89019178
57.93326027
56.97632877
56.01939726
55.06246575
54.10553425
53.14860274
52.19167123
51.23473973
50.27780822
49.32087671
48.36394521
47.4070137
46.45008219
45.49315068
44.53621918
43.57928767
42.62235616
41.66542466
40.70849315
39.75156164
38.79463014
38.00767123
37.26410959
36.52054795
35.7769863
35.03342466
34.28986301
33.54630137
32.80273973
32.05917808
31.31561644
30.57205479
29.82849315
29.08493151
28.34136986
27.59780822
26.85424658
26.11068493
25.36712329
24.62356164
23.88
23.13643836
22.39287671
21.64931507
20.90575342
20.16219178
19.41863014
18.67506849
17.93150685
17.18794521
16.44438356
15.70082192
15.45747945
15.29260274
15.12772603
14.96284932
14.7979726
14.63309589
14.46821918
14.30334247
14.13846575
13.97358904
13.80871233
13.64383562
13.4789589
13.31408219
13.14920548
12.98432877
12.81945205
12.65457534
12.48969863
12.32482192
12.15994521
11.99506849
11.83019178
11.66531507
11.50043836
11.33556164
11.17068493
11.00580822
10.84093151
10.67605479
10.51117808
10.40747945
10.30823014
10.20898082
10.10973151
10.01048219
9.911232877
9.811983562
9.712734247
9.613484932
9.514235616
9.414986301
9.315736986
9.216487671
9.117238356
9.017989041
8.918739726
8.819490411
8.720241096
8.620991781
8.521742466
8.422493151
8.323243836
8.223994521
8.124745205
8.02549589
7.926246575
7.82699726
7.727747945
7.62849863
7.529249315
7.43