Grid-ID	Lat	Lon	Area	River
1	36.625	76.625	13	16000
2	36.625	76.875	292	16000
3	36.625	77.125	562	16000
4	36.625	77.375	462	16000
5	36.625	77.625	5	16000
6	36.875	76.625	378	16000
7	36.875	76.875	650	16000
8	36.875	77.125	649	16000
9	36.875	77.375	220	16000
10	37.125	76.375	71	16000
11	37.125	76.625	603	16000
12	37.125	76.875	648	16000
13	37.125	77.125	647	16000
14	37.125	77.375	221	16000
15	37.375	76.375	13	16000
16	37.375	76.625	342	16000
17	37.375	76.875	634	16000
18	37.375	77.125	644	16000
19	37.375	77.375	344	16000
20	37.625	76.875	260	16000
21	37.625	77.125	642	16000
22	37.625	77.375	407	16000
23	37.875	76.875	120	16000
24	37.875	77.125	191	16000
25	37.875	77.375	1	16000