1.7822504
1.776106237
1.770814412
1.766341498
1.76265407
1.759718699
1.757501963
1.755970433
1.755090683
1.754829288
1.755152821
1.756027857
1.757420969
1.759298731
1.761627718
1.764374502
1.767505658
1.77098776
1.774787381
1.778871096
1.783205479
1.787757102
1.792492475
1.797377817
1.802379376
1.80746339
1.812596099
1.817743743
1.822872562
1.827948796
1.832938684
1.837808469
1.842524387
1.847052682
1.85135959
1.855411354
1.859174213
1.862614407
1.865698175
1.868391759
1.870661397
1.872473331
1.873793799
1.874589042
1.8748253
1.874468813
1.873485821
1.871842564
1.869505282
1.866440214
1.862613601
1.857991683
1.852542114
1.846271415
1.839213336
1.831392332
1.822836807
1.813573488
1.803629813
1.793032919
1.781810071
1.769988478
1.757595375
1.744657984
1.731203535
1.717259252
1.702852362
1.688010092
1.672759669
1.657128319
1.641143268
1.624831743
1.60822097
1.591338177
1.574210589
1.556865433
1.539329937
1.521631325
1.503796825
1.485853663
1.467829065
1.449750259
1.431644471
1.413556095
1.395595331
1.377863869
1.360467018
1.343508545
1.327092875
1.311324151
1.29630664
1.282144552
1.268942124
1.256803579
1.245833148
1.236135059
1.227813539
1.220972817
1.215717121
1.212150679
1.21037772
1.210502472
1.212629162
1.21686202
1.223305272
1.232063148
1.243239876
1.256939683
1.273266799
1.29232545
1.314219866
1.339054275
1.366932904
1.397963158
1.432324888
1.470241386
1.511920743
1.557577512
1.607423498
1.661671675
1.720534518
1.784224717
1.852954868
1.926937608
2.006385558
2.091511344
2.182527589
2.279646921
2.383081962
2.493045338
2.609749674
2.733407594
2.864231725
3.002434689
3.148229114
3.301827622
3.46344284
3.633287388
3.8115739
3.99851499
4.194323295
4.399211432
4.613392022
4.837077699
5.070398665
5.313206294
5.565395777
5.826843666
6.097434447
6.377049229
6.665570562
6.962880369
7.268860864
7.583394112
7.906362251
8.237647394
8.57713166
8.924697164
9.280226023
9.643600359
10.01470228
10.39341391
10.77961736
11.17319475
11.5740282
11.98199983
12.39699174
12.81888607
13.24756491
13.68291041
14.12480466
14.57312979
15.02776791
15.48860114
15.95550291
16.42817979
16.9062536
17.3893765
17.87718774
18.36933206
18.86545186
19.36519055
19.8681911
20.37409667
20.88255033
21.3931952
21.90567437
22.41963096
22.93470806
23.45054878
23.96679621
24.48309346
24.99908364
25.51440983
26.02871516
26.54164271
27.0528356
27.56193692
28.06858978
28.57243727
29.07312251
29.57028859
30.06357862
30.55263569
31.03710288
31.51628868
31.98850395
32.45224103
32.90591511
33.34797416
33.77685224
34.19098929
34.5888228
34.96879126
35.3293328
35.66888555
35.98588784
36.27877777
36.54599362
36.78597352
36.99715569
37.17797837
37.32687975
37.44229798
37.52267138
37.56643796
37.57203613
37.53790396
37.46247972
37.34420156
37.18150771
36.97283635
36.7166257
36.41131399
36.05533936
35.64733916
35.18919825
34.68418022
34.13504566
33.54476911
32.91623404
32.25236273
31.55606091
30.83024134
30.07781381
29.30168938
28.50477856
27.68999208
26.8602406
26.0184348
25.16748534
24.31030291
23.44979817
22.5888818
21.73046447
20.87745686
20.03276964
19.19931348
18.37999906
17.57773705
16.79543812
16.03601295
15.30237221
14.59742658
13.92408672
13.28526258
12.68259646
12.11440009
11.57966526
11.07709471
10.60551403
10.16369659
9.750437977
9.364524317
9.00474576
8.669890748
8.358748447
8.070107719
7.802757552
7.55548688
7.327084664
7.11633985
6.922041394
6.742978239
6.577939348
6.425713655
6.285090131
6.154857712
6.033805351
5.920722009
5.814396628
5.713618161
5.617175561
5.523857772
5.432453757
5.341752459
5.2506145
5.158902911
5.066830083
4.974478778
4.881986833
4.789468694
4.697048746
4.604847134
4.512985829
4.421586003
4.330769186
4.240656752
4.151370125
4.063030729
3.975759978
3.889679293
3.80491009
3.721573786
3.639791802
3.559685548
3.481376452
3.404985928
3.330635392
3.258446267
3.188539964
3.121037907
3.056061509
2.993732193
2.934171373
2.877500468
2.823840783
2.773236152
2.725551127
2.680690471
2.638541857
2.59900022
2.561957409
2.527306585
2.494940352
2.46475155
2.436632918
2.410477238
2.386177276
2.363625802
2.342715586
2.323339397
2.305390006
2.288760181
2.273342692
2.259030309
2.245715801
2.233291939
2.221651492
2.210687228
2.200291919
2.190358333
2.18077924
2.17144741
2.162255613
2.153096618
2.143863193
2.134456973
2.124886644
2.115190783
2.105396703
2.095536507
2.085640263
2.075738901
2.065862987
2.05604324
2.046310314
2.036694894
2.027227648
2.017939252
2.00886038
2.000021705
1.991453902
1.983187644
1.975253606
1.967682461
1.960504883
1.953751547
1.947453126
1.941640294
1.936343726
1.931594095
1.927422074
1.923858339
1.920933563
1.918678419
1.917123583
1.916299648
1.916209861
1.916801728
1.918036275
1.91986878
1.922256965
1.925157513
1.928527548
1.932324007
1.936503908
1.941024232
1.945841977
1.950914133
1.956197695
1.961649655
1.967227006
1.97288674
1.978585852
1.984281332
1.989930174
1.995489372
2.000915918
2.006166804
2.011199025
2.015969571
2.020435437
2.024553615
2.028281098
2.031574879
2.034391951
2.036689305
2.038430383
2.039646273
2.040382667
2.040679683
2.040579808
2.040124524
2.039355737
2.038315174
2.037044641
2.035585906
2.033980756
2.032270969
2.030498327
2.02870461
2.026931599
2.025221075
2.023614819
2.022154611
2.020882232
2.019839463
2.019068084
2.018609877
2.018506622
2.0188001
2.019532091
2.020744377
2.022478737
2.024776954
2.027680807
2.031232077
2.035472535
2.040441688
2.046174992
2.05270895
2.060079621
2.068323252
2.07747601
2.087574096
2.098653698
2.110751008
2.123902216
2.138143514
2.153511094
2.170041145
2.18776986
2.206733429
2.226968043
2.248509894
2.271395172
2.29566007
2.321340776
2.348473484
2.377094384
2.407239667
2.438945524
2.472248146
2.507183726
2.543788452
2.582098517
2.622150112
2.663979428
2.707653284
2.753519204
2.801968975
2.85337734
2.908126284
2.966594715
3.029162849
3.096210345
3.168117099
3.245262909
3.32802761
3.416791026
3.511932981
3.613833305
3.722871814
3.839428349
3.963882721
4.096614763
4.238004294
4.388431155
4.548275151
4.717916127
4.897733893
5.088108288
5.289419124
5.502046242
5.726369449
5.96276859
6.211623479
6.473313943
6.748219452
7.036671982
7.338928549
7.655266714
7.985955329
8.331266926
8.691472485
9.066843646
9.457651754
9.864168305
10.2866647
10.72541241
11.18068286
11.65274749
12.14187775
12.64834507
13.17242089
13.71437667
14.27448382
14.85301381
15.45023806
16.06642802
16.70185513
17.35679083
18.03150656
18.72627376
19.44136387
20.17704833
20.93359859
21.71128607
22.51038223
23.33083355
24.16997567
25.02487144
25.89268915
26.77055227
27.65560334
28.54497679
29.4358105
30.32524087
31.21040492
32.08843944
32.95648129
33.81166731
34.65113437
35.4720193
36.27145893
37.04659011
37.7945497
38.51247453
39.19750148
39.84676737
40.45740908
41.02656337
41.55136716
42.0289573
42.4564706
42.83104391
43.14981411
43.40991801
43.60849246
43.74270367
43.81245585
43.82144919
43.77229031
43.66805059
43.51160394
43.30590817
43.05388537
42.75847289
42.42260154
42.04920503
41.64121566
41.2015665
40.73319009
40.23901944
39.72198716
39.18502613
38.63106907
38.06304887
37.48389813
36.8965498
36.30393657
35.70899128
35.11464666
34.52383554
33.93949062
33.36454479
32.80193078
32.25458136
31.72542933
31.21740746
30.73292609
30.2707041
29.82925461
29.40716935
29.00300665
28.61533905
28.24273302
27.88375761
27.53698082
27.20097105
26.87429653
26.5555256
26.24322652
25.93596758
25.63231709
25.33084333
25.0301146
24.72869917
24.42516535
24.11808142
23.80601567
23.4875364
23.1612119
22.82561045
22.47930035
22.12084989
21.74882736
21.36180104
20.95833924
20.53701024
20.0964044
19.63662714
19.15962531
18.66679194
18.15975544
17.64004419
17.10922907
16.56886291
16.0205062
15.46571618
14.90605146
14.34307009
13.77833035
13.2133904
12.64980848
12.08914279
11.53295153
10.98279292
10.44022516
9.906806472
9.384095047
8.873649107
8.37702685
7.895786495
7.431486238
6.985684301
6.559938883
6.155808195
5.77485045
5.418623848
5.088686604
4.786234139
4.510202383
4.259502214
4.033052242
3.829767781
3.648565559
3.488361693
3.348072567
3.226614444
3.122903643
3.035856459
2.964389196
2.907418156
2.86385964
2.83262995
2.812645388
2.802822255
2.802076853
2.809325484
2.823484451
2.843470053
2.868198594
2.896586375
2.927549698
2.960004864
2.992868176
3.025055934
3.055484442
3.08307
3.10672891
3.125391218
3.138706274
3.147087989
3.150711396
3.14985305
3.14474636
3.135643071
3.122787136
3.10642582
3.086804981
3.064171073
3.038770298
3.010848964
2.980653336
2.948429695
2.914424317
2.878883479
2.842053457
2.80418053
2.765510973
2.726291064
2.68676708
2.647185297
2.607791992
2.568833444
2.530555927
2.493205721
2.4570291
2.422272343
2.389181725
2.358003525
2.328933361
2.301888276
2.276793609
2.253571006
2.232143682
2.212434184
2.194365346
2.177859878
2.162840543
2.149230081
2.136951241
2.125926772
2.116079419
2.10733193
2.099607052
2.092827532
2.086916118
2.081795556
2.077388594
2.073617978
2.070406457
2.067676777
2.065351686
2.06335393
2.061606256
2.060031413
2.058552146
2.057091204
2.055571333
2.053915281
2.052047425
2.049959187
2.047704077
2.045315542
2.042835554
2.040302462
2.037756156
2.035235869
2.032781116
2.030431291
2.028225838
2.02620418
2.024405752
2.02286998
2.021636296
2.020744129
2.020232909
2.020142066
2.02051103
2.02137923
2.022786097
2.024771061
2.027373551
2.030632996
2.034588828
2.039280475
2.044747368
2.051028937
2.05816461
2.066193819
2.075155993
2.085065386
2.095813898
2.107301636
2.119425193
2.132082657
2.145171478
2.15858938
2.172233968
2.1860029
2.199793809
2.21350434
2.227032133
2.24027483
2.253130071
2.265495498
2.277268753
2.288347477
2.29862931
2.308011894
2.316392871
2.323669882
2.329740567
2.334502569
2.337853529
2.339691087
2.339912885
2.338416565
2.335099766
2.329860133
2.322595304
2.313212791
2.30194618
2.289290957
2.275655374
2.261484757
2.247208676
2.233263397
2.220082341
2.208100137
2.197750901
2.189468968
2.183688578
2.180844013
2.181369537
2.185699421
2.194267931
2.20750934
2.225857916
2.249747927
2.279613642
2.315889331
2.359009263
2.409407707
2.467518931
2.533777206
2.608616799
2.692471981
2.78577702
2.888966185
3.002473746
3.126733971
3.262015493
3.407875377
3.563942573
3.729815442
3.905105345
4.089418116
4.282361944
4.483544018
4.692571946
4.909053159
5.132595162
5.362805439
5.599291472
5.841660742
6.089520741
6.342478945
6.600142849
6.862119933
7.128017676
7.397443572
7.6700051
7.945309751
8.222965
8.502578343
8.783757253
9.066109223
9.349241737
9.632762278
9.916278329
10.19939737
10.48173985
10.76327641
11.04422014
11.32470121
11.60488499
11.88492191
12.16496875
12.44517959
12.72570964
13.00671365
13.28834656
13.57076323
13.85411855
14.1385674
14.42426467
14.71136523
15.00002397
15.29039578
15.58263553
15.87689812
16.17333841
16.4721113
16.77337167
17.0772744
17.38397436
17.69362646
18.00638556
18.32240656
18.64184433
18.96485377
19.29158973
19.62217062
19.95657623
20.2948046
20.63684606
20.98269417
21.33234116
21.68577979
22.04300261
22.40400225
22.76877132
23.13730244
23.50958821
23.88562124
24.26539415
24.64889955
25.03613005
25.42707825
25.82173679
26.22009825
26.62215526
27.02790042
27.43732635
27.85042566
28.26719096
28.68761486
29.11168997
29.53940892
29.97076428
30.40574871
30.84435479
31.28652023
31.73094777
32.17560911
32.61873223
33.05843619
33.49288636
33.92022839
34.33861639
34.74620075
35.14113354
35.52156611
35.88565008
36.23153694
36.55737829
36.86132563
37.14153056
37.39614463
37.62331932
37.82120624
37.98795693
38.12172292
38.2206558
38.28290702
38.30662825
38.28997097
38.23108673
38.12812711
37.97924362
37.78258784
37.5363113
37.23856553
36.88861926
36.48948228
36.04356898
35.55354694
35.02197595
34.45146169
33.8445903
33.20395628
32.53215057
31.83176555
31.10539307
30.35562516
29.5850538
28.79627097
27.99186866
27.17443885
26.34657354
25.51086471
24.66990433
23.82628442
22.98259694
22.14143387
21.30538722
20.47704897
19.6590111
18.85386559
18.06420444
17.29261963
16.54170314
15.81404697
15.11212806
14.436245
13.78560519
13.15980694
12.55828246
11.9805345
11.42603588
10.8942721
10.3847233
9.896871885
9.430199293
8.98418738
8.558317822
8.152072378
7.764932765
7.396380719
7.045897966
6.712966239
6.397067272
6.097682782
5.81429452
5.546384198
5.293433562
5.054924327
4.830338232
4.61915701
4.420862389
4.234936095
4.060859864
3.898115425
3.746184512
3.604587247
3.472957028
3.35090646
3.238056972
3.134026249
3.038433565
2.95089752
2.871036999
2.798470766
2.732817639
2.673696409
2.62072588
2.573524853
2.531712127
2.494906503
2.462726782
2.434791764
2.410720249
2.390131037
2.37264293
2.357874728
2.345445231
2.334973239
2.326077554
2.318376976
2.311490304
2.305036339
2.298633883
2.291901735
2.284458696
2.275944282
2.266331731
2.255733819
2.24421236
2.231850825
2.218723481
2.204908509
2.190482423
2.175522448
2.160105506
2.144308648
2.128208869
2.111883189
2.095408618
2.078862169
2.062320854
2.045861686
2.029561676
2.013497838
1.997747183
1.982386724
1.967493475
1.953144445
1.93941665
1.926387099
1.914132807
1.902730785
1.892258046
1.882791601
1.874408465
1.867185623
1.861160774
1.856269426
1.852468125
1.849704476
1.847929885
1.84709414
1.847147719
1.848040804
1.849723707
1.852146681
1.855260005
1.859013948
1.863358784
1.868244782
1.873622214
1.879441353
1.885652469
1.892205834
1.89905172
1.906140398
1.91342214
1.920847218
1.928365902
1.935928465
1.943485177
1.950986312
1.95838214
1.965622931
1.97265896
1.979440496
1.98591816
1.992047383
1.997785246
2.003088219
2.007913028
2.012216294
2.01595468
2.019084831
2.021563402
2.023347042
2.024392403
2.024656136
2.024094891
2.022665321
2.020324075
2.017027806
2.012733163
2.007396799
2.000975364
1.993425509
1.984703885
1.974767144
1.963571936
1.951074913
1.937232726
1.922002024
1.905339461
1.887201687
1.867545352
1.846327108
1.823503772
1.799137588
1.773532322
1.746937208
1.719624651
1.691857213
1.663901635
1.636022885
1.608486683
1.581558431
1.555503664
1.530587862
1.507076527
1.485235154
1.465329239
1.447624278
1.432385767
1.419879202
1.41037008
1.404123895
1.401406145
1.402482326
1.407617933
1.417078463
1.431129411
1.450036274
1.474064548
1.503479729
1.538547313
1.579532795
1.626701673
1.680270237
1.739867143
1.804960103
1.875077528
1.94972203
2.028407186
2.110641915
2.195937112
2.283802835
2.373749497
2.465287358
2.557926747
2.651177962
2.744551311
2.837557103
2.929705643
3.020507239
3.109472198
3.196110827
3.279933432
3.360450323
3.437171801
3.509608179
3.57726976
3.639666853
3.696309763
3.746708798
3.790374268
3.826816475
3.855545731
3.876075453
3.888945474
3.896766305
3.901643441
3.905897008
3.911755922
3.921487857
3.937344017
3.961582606
3.996458855
4.044229246
4.107149751
4.187476543
4.287465715
4.409373384
4.555455681
4.727968702
4.929168572
5.161311415
5.426653329
5.727450448
6.065958873
6.444434731
6.865134135
7.330313194
7.842228037
8.403134765
9.015289507
9.68094837
10.40236747
11.18180293
12.02100126
12.91641883
13.86339623
14.85770009
15.89491598
16.97070641
18.0807012
19.22054405
20.38587278
21.57232769
22.77554803
23.99117351
25.21484362
26.44219798
27.66887611
28.89051761
30.10276203
31.30124895
32.48161791
33.6395085
34.77056026
35.87041279
36.93470564
37.95907838
38.93917056
39.87062177
40.74907152
41.57015949
42.3295251
43.02280807
43.64566269
44.19667534
44.67963828
45.0969887
45.45173955
45.74665924
45.98461994
46.16844983
46.30099574
46.38509657
46.42359465
46.41933084
46.37514652
46.29388297
46.17838149
46.03148329
45.8560297
45.65486197
45.43082147
45.18674932
44.92548694
44.64987554
44.36275641
44.06697081
43.76536009
43.4607654
43.1560282
42.85398957
42.55749096
42.26937355
41.9924786
41.72929046
41.4790561
41.24052635
41.01264322
40.79426754
40.58429463
40.38160506
40.18508579
39.9936209
39.80609589
39.62139553
39.43840497
39.2560091
39.07309297
38.88854164
38.70124006
38.51007328
38.31392633
38.11168411
37.9022318
37.68445427
37.45723659
37.21946372
36.97002077
36.70779265
36.43166444
36.14052111
35.83324773
35.50872916
35.16585061
34.80350378
34.42146207
34.02087585
33.60251616
33.16731543
32.71613735
32.24987491
31.76940861
31.27562427
30.76940545
30.25163667
29.72320204
29.18498584
28.63787229
28.08274562
27.52049006
26.95198986
26.37812924
25.79979243
25.21786367
24.63322718
24.04676721
23.45936799
22.87191374
22.28528871
21.70037711
21.11806319
20.53923119
19.96476532
19.39554982
18.83246894
18.27633861
17.72743195
17.18596753
16.65218499
16.12631502
15.60859214
15.0992492
14.59851979
14.10663718
13.62383477
13.15034591
12.68640396
12.23224229
11.78809427
11.35419325
10.93077259
10.51806567
10.11630584
9.725726477
9.346560928
8.979042563
8.623404748
8.279880846
7.948704211
7.63010822
7.324326224
7.031591594
6.752137693
6.486197876
6.234005519
5.995790351
5.771452823
5.560441607
5.362335983
5.176659742
5.002960243
4.840774833
4.689645119
4.549110889
4.418712708
4.29799081
4.186485572
4.083737308
3.989286364
3.902673058
3.823437741
3.751120733
3.685262373
3.625402987
3.571082922
3.5218425
3.477222059
3.436761931
3.400002444
3.366483944
3.335746755
3.307331208
3.280777644
3.255626391
3.231417784
3.207692157
3.184045758
3.160465916
3.136960307
3.113528852
3.090174768
3.066899872
3.043706576
3.020597037
2.997573523
2.974638253
2.951793469
2.929041401
2.906384284
2.883824353
2.861363842
2.839004984
2.816750015
2.794601168
2.772560677
2.750630777
2.728813701
2.707111684
2.685526961
2.664061764
2.642718329
2.62149889
2.60040568
2.579440933
2.558606885
2.537905769
2.517340276
2.496943707
2.47678618
2.456926701
2.437429002
2.418354803
2.399766681
2.381726848
2.364297673
2.347541455
2.331520527
2.316297202
2.301933807
2.28849266
2.276036084
2.264626398
2.254325925
2.245196986
2.2373019
2.230702992
2.22546258
2.221642986
2.219306532
2.218515538
2.219332326
2.221819216
2.226038531
2.232052591
2.239923717
2.249714231
2.261486453
2.275270221
2.290895067
2.308188987
2.326980383
2.347097487
2.368368599
2.390621994
2.413685958
2.437388769
2.46155871
2.486024062
2.510613107
2.535154127
2.559475403
2.583405216
2.606771849
2.629403583
2.651128699
2.671775478
2.691172204
2.709147156
2.725528617
2.740144868
2.752824191
2.763394868
2.77168518
2.777523408
2.780737833
2.781156739
2.778608406
2.772924937
2.764134413
2.75247097
2.738104181
2.721231057
2.702036949
2.680712165
2.657444902
2.632424258
2.605838946
2.577877844
2.54872976
2.51858353
2.487627979
2.456051938
2.424044233
2.391793694
2.359489149
2.327319425
2.295473353
2.264139759
2.233507472
2.203765321
2.175102134
2.14770674
2.121767966
2.097474641
2.075015594
2.054579653
2.036355646
2.020532401
2.007327372
1.997113866
1.990260066
1.98713642
1.988112412
1.993557939
2.003842718
2.019336545
2.040409183
2.067430408
2.100769991
2.140797704
2.18788332
2.242396611
2.304707349
2.375185307
2.454200257
2.54212197
2.639320221
2.74616478
2.86302542
2.990271913
3.128274031
3.277401548
3.438024235
3.610511861
3.795234206
3.992561039
4.202862127
4.426507246
4.663848326
4.91451678
5.177484204
5.451935964
5.736966577
6.031709173
6.335280462
6.646804146
6.965400949
7.29019285
7.62030132
7.954848019
8.29295454
8.633742506
8.976333526
9.319849209
9.663411172
10.00614102
10.34716037
10.68559083
11.02055402
11.35117155
11.67656502
11.99585605
12.30816626
12.61261724
12.90833063
13.19442802
13.47003103
13.73426127
13.98624037
14.22553926
14.45389137
14.67287884
14.88414855
15.08931987
15.29002387
15.48788663
15.68453636
15.88160036
16.08070631
16.28348175
16.49155426
16.70655142
16.93010079
17.16382995
17.40936647
17.66833793
17.94237188
18.23309593
18.54213762
18.87112454
19.22168426
19.59544436
19.99403239
20.41907595
20.87220259
21.3550399
21.86921545
22.4163568
22.99809154
23.61595918
24.26863782
24.95253396
25.66481241
26.40231571
27.16202338
27.9408567
28.73576172
29.54367395
30.36153339
31.18627812
32.01484705
32.84417872
33.67121183
34.49288507
35.30613698
36.10790642
36.89513178
37.66475198
38.4137055
39.13893108
39.83736736
40.50595296
41.14162657
41.74132684
42.30199246
42.82056203
43.2939743
43.7191678
44.09308125
44.41265334
44.67574243
44.88411961
45.03915043
45.14237302
45.19525222
45.19928389
45.15595084
45.06674127
44.93314129
44.75663776
44.53871722
44.28086639
43.9845719
43.6513204
43.28259861
42.87989312
42.44469063
41.9784778
41.4827412
40.95896763
40.40864365
39.83325594
39.23429114
38.61323599
37.97157703
37.31080097
36.63239452
35.93784427
35.22863687
34.50625905
33.7721897
33.0277034
32.27393471
31.51206627
30.74326026
29.96868757
29.18951538
28.40691245
27.62204687
26.836087
26.05020111
25.2655575
24.48332443
23.70467022
22.93076314
22.1627715
21.40186355
20.64920761
19.90597195
19.17332488
18.45243466
17.7444696
17.05059797
16.37198807
15.7098082
15.06522662
14.43941164
13.83353154
13.2487546
12.68624913
12.1471834
11.63231735
11.14087641
10.67229163
10.22590665
9.801102281
9.397243528
9.013702121
8.649846923
8.305048014
7.978674971
7.67009757
7.378685502
7.103808509
6.844836302
6.601138594
6.372085119
6.15704559
5.955389731
5.766487255
5.58970789
5.424421352
5.269997367
5.125805644
4.991215918
4.865597891
4.748321306
4.638755864
4.536271293
4.440237314
4.350023646
4.265013305
4.184884142
4.109486287
4.038609361
3.972068709
3.90966873
3.851218493
3.796525065
3.745396376
3.697639981
3.6530636
3.611474885
3.572681504
3.536491134
3.502711437
3.47115009
3.441614751
3.413913106
3.387852807
3.363241532
3.339886952
3.317596735
3.296178548
3.275440061
3.255188945
3.235232869
3.215379501
3.195436512
3.17521157
3.154512345
3.133146508
3.110988975
3.088137633
3.064654416
3.040616537
3.016094716
2.991162431
2.965891989
2.940356194
2.91462764
2.888779009
2.862882946
2.837012111
2.811239161
2.785636749
2.760277534
2.73523417
2.710579314
2.686385622
2.66272575
2.639672354
2.617298091
2.595675615
2.574877584
2.554976654
2.53604548
2.518156718
2.501383026
2.485797057
2.47147147
2.45847892
2.44688651
2.436657599
2.427704289
2.419957078
2.413338645
2.407774993
2.403190709
2.399510984
2.396660754
2.394565061
2.393148903
2.392337295
2.392055247
2.39222777
2.392779874
2.393636572
2.394722873
2.395963788
2.397284329
2.398609505
2.399864329
2.400973809
2.401862959
2.402456788
2.402680308
2.402458528
2.40171646
2.400379115
2.398371504
2.395618638
2.392045531
2.387608117
2.382352673
2.376308704
2.369512846
2.361998703
2.353801167
2.344954584
2.335493533
2.325452491
2.314865981
2.303768504
2.292194572
2.280178692
2.267755374
2.254959125
2.241824454
2.22838587
2.214677881
2.200734995
2.186591721
2.172282568
2.157842044
2.143304657
2.128704916
2.114077329
2.099456406
2.084876654
2.070372582
2.055978698
2.041729511
2.027658001
2.013772831
2.000072649
1.986559769
1.973234944
1.96009959
1.947154844
1.934401961
1.921842143
1.909476619
1.897306602
1.885333314
1.873557974
1.861981801
1.850606015
1.839431834
1.828460477
1.817693165
1.807131116
1.796775549
1.786627684
1.77668874
1.766959936
1.757442491
1.748137626
1.739046557
1.730170506
1.721510692
1.713068333
1.704844649
1.696840887
1.689099671
1.681770147
1.674979355
1.668863729
1.663555714
1.659189446
1.655898345
1.653816135
1.653076411
1.653812821
1.656158992
1.660248561
1.666215158
1.674192417
1.684313972
1.696713456
1.711524501
1.72888074
1.748915808
1.771763336
1.797556958
1.826430307
1.858517017
1.89395072
1.932865049
1.975393637
2.021670118
2.071828125
2.12600129
2.184323247
2.246946367
2.31427892
2.386815414
2.465018272
2.549363555
2.640321527
2.738364915
2.843965401
2.95759511
3.079725978
3.210830023
3.351379227
3.501845589
3.662701096
3.834417748
4.017467532
4.212322443
4.419454478
4.639335624
4.872437873
5.119233224
5.380193668
5.655791198
5.946497803
6.252785484
6.575126221
6.913992022
7.269854875
7.643186766
8.034459695
8.444144556
8.872056486
9.316523511
9.776211681
10.24964341
10.73540214
11.23204539
11.73814168
12.25225488
12.77295081
13.29879446
13.8283512
14.36018623
14.89286479
15.42495215
15.95501353
16.48161419
17.00331938
17.51869433
18.0263043
18.52471453
19.01249026
19.48819675
19.95039923
20.39766295
20.82855316
21.2416351
21.63547402
22.00863517
22.35968378
22.68718512
22.98986642
23.2683678
23.52384324
23.75725271
23.96963863
24.16200839
24.33538424
24.49078214
24.62922072
24.75171747
24.85929037
24.95295718
25.03373577
25.10264395
25.16069957
25.20892044
25.24832441
25.2799293
25.30475293
25.32381316
25.33812781
25.3487147
25.35659167
25.36277655
25.36828718
25.37414138
25.38135698
25.39095182
25.40394373
25.42135053
25.44418798
25.47281659
25.50628838
25.54397628
25.58511684
25.62900458
25.67490938
25.72211159
25.76988709
25.81751369
25.86426837
25.90942845
25.95227113
25.99207364
26.0281132
26.05966704
26.08601239
26.10642647
26.12018651
26.12656973
26.12485336
26.11431462
26.09423076
26.06387897
26.0225365
25.96948057
25.9039884
25.82533722
25.73280426
25.62566675
25.5032019
25.36477103
25.21059885
25.04108804
24.85657323
24.65741799
24.4439736
24.21659656
23.97564113
23.72146255
23.45441562
23.17485535
22.88313665
22.57961447
22.26464374
21.9385794
21.6017764
21.25458967
20.89737416
20.53048479
20.15427652
19.76910428
19.375323
18.97328763
18.56335312
18.1458744
17.7212064
17.28970406
16.85172234
16.40761616
15.95774046
15.50245126
15.04230726
14.57822345
14.11102163
13.6415632
13.17069272
12.69926194
12.22811952
11.75811544
11.29009914
10.82492027
10.36342838
9.906473092
9.454903979
9.009570637
8.571322655
8.141009622
7.719481129
7.307586766
6.906176123
6.516098794
6.138204363
5.773342428
5.42236257
5.086114383
4.76544746
4.46121139
4.174255758
3.905430166
3.65558419
3.425567425
3.216076121
3.026430729
2.855746917
2.703219294
2.568008919
2.449291113
2.346235132
2.258012812
2.18379489
2.122752573
2.074056867
2.036878863
2.010389616
1.993760196
1.986161668
1.986765098
1.994741551
2.009262095
2.029497793
2.054619714
2.083798921
2.116206482
2.151013462
2.187390926
2.224509942
2.261541574
2.297656889
2.332026952
2.363822829
2.392215586
2.41637997
2.435953193
2.451287343
2.46253684
2.469940116
2.473699894
2.474034077
2.471154116
2.465274202
2.456607362
2.445367119
2.431766785
2.41601976
2.398339409
2.37893911
2.358032237
2.335832164
2.312552266
2.288405918
2.263606493
2.238367368
2.212901916
2.187423512
2.162145531
2.137281346
2.113044334
2.089647868
2.067305322
2.046230073
2.026635494
2.008734959
1.992706099
1.978445243
1.965821606
1.954714881
1.945000307
1.936555019
1.929255342
1.922977948
1.917599361
1.912996167
1.909044927
1.905622211
1.902604588
1.899868624
1.897290887
1.894747947
1.892116371
1.889272726
1.886093582
1.882455504
1.878235063
1.873308826
1.86755336
1.860845235
1.853061016
1.844077274
1.833770576
1.822017489
1.808694582
1.793678422
1.776846838
1.758189292
1.737846806
1.715916422
1.692513875
1.667746955
1.64172683
1.61456323
1.586366497
1.557246714
1.527314074
1.496678721
1.465450822
1.433740534
1.401658018
1.369313432
1.336816937
1.304278693
1.271808859
1.239517594
1.20751506
1.175911414
1.144816818
1.11434143
1.084595411
1.05568892
1.027732117
1.000835161
0.975108213
0.950661431
0.927604976
0.906025799
0.885850165
0.866996575
0.849386479
0.832940072
0.817578084
0.803221017
0.78978947
0.777204
0.765385184
0.754253588
0.743729784
0.733734342
0.724187831
0.715010822
0.706123885
0.697447588
0.688902505
0.680409202
0.671888252
0.663260224
0.654445688
0.645365214
0.635939371
0.626088732
0.615733863
0.604795338
0.593193724
0.580849593
0.567683515
0.553617491
0.538667457
0.522961113
0.506592332
0.489669361
0.47229434
0.454572004
0.436605984
0.418500381
0.400359097
0.382286118
0.364385393
0.346760889
0.329516564
0.31275638
0.296584296
0.281104276
0.266420278
0.252636264
0.239856196
0.228184033
0.217723736
0.208579267
0.200854585
0.194653653
0.190080431
0.18723888
0.18623296
0.187166632
0.190143859
0.195268599
0.202781365
0.21375629
0.229271091
0.250402925
0.278229188
0.313827173
0.358274218
0.412647643
0.478024773
0.555482932
0.646099445
0.750951637
0.87111683
1.007672351
1.161695523
1.334263671
1.526454119
1.739344192
1.974011214
2.231532508
2.512985401
2.819447216
3.151995277
3.51170691
3.899659436
4.316930184
4.764596474
5.243735637
5.755424988
6.300741858
6.88072352
7.494394132
8.138684167
8.811181965
9.509196282
10.23015469
10.97143427
11.73043355
12.50454195
13.29115277
14.08765765
14.89144893
15.69991867
16.51045904
17.32046215
18.12732016
18.92842519
19.72116939
20.50294489
21.27114383
22.02315835
22.75638057
23.46820265
24.15601671
24.81721489
25.44918933
26.04933217
26.61503554
27.14369158
27.63269243
28.07943022
28.48195172
28.84183297
29.160523
29.43952669
29.68032517
29.88440964
30.05326707
30.18838618
30.29125498
30.36336176
30.4061947
30.42124202
30.40999194
30.37393267
30.31455241
30.23333939
30.13178181
30.01136788
29.87358582
29.71992384
29.55187015
29.37091297
29.1785405
28.97624096
28.76550256
28.5478135
28.32466202
28.09753631
27.8679246
27.63731508
27.40716711
27.1777958
26.94848009
26.71883547
26.48833439
26.25651011
26.02287002
25.78693253
25.54821136
25.30622222
25.06047996
24.81049982
24.55579688
24.29588624
24.03028305
23.75850241
23.48005943
23.19446923
22.90124693
22.59990765
22.28996651
21.97093861
21.64233908
21.30368303
20.95448558
20.59426185
20.22252695
19.838796
19.44258412
19.03340641
18.61077801
18.17450121
17.7257467
17.26558566
16.7951318
16.31548073
15.82773581
15.33299705
14.8323659
14.32694322
13.81783009
13.30612751
12.79293652
12.27935813
11.76649337
11.25544326
10.74730884
10.24319111
9.744191107
9.251409857
8.765948371
8.288907684
7.821388819
7.36449279
6.919320629
6.48697336
6.068552002
5.665157584
5.277891123
4.90785365
4.556146184
4.223837323
3.910959194
3.616730646
3.340642649
3.082070508
2.840438696
2.615150785
2.405619232
2.211252715
2.031461521
1.865655253
1.713243803
1.57363694
1.446244489
1.330476246
1.225742023
1.131451623
1.047014854
0.971841523
0.905341435
0.846924397
0.796000216
0.751978697
0.714269647
0.682282874
0.655428182
0.633115378
0.614754269
0.599754661
0.587526361
0.577479175
0.569123481
0.562393261
0.557177533
0.553384438
0.55091399
0.549669659
0.549553444
0.550467969
0.552315595
0.554998792
0.558419984
0.562481616
0.567086124
0.572135946
0.577533521
0.583181286
0.58898168
0.594837142
0.600650109
0.606323019
0.611758311
0.616858422
0.621525792
0.625662859
0.629172059
0.631955833
0.633916617
0.63495685
0.634978971
0.633885417
0.631584605
0.628141825
0.623728345
0.61847902
0.612544179
0.606067576
0.599195759
0.59207409
0.584848432
0.577664436
0.570667846
0.564004364
0.557819709
0.552259594
0.547469736
0.543595847
0.540783644
0.539178842
0.538927153
0.540174294
0.543065979
0.547747923
0.554365841
0.563065448
0.573992457
0.587292585
0.603111544
0.621595052
0.642888822
0.667138569
0.694490007
0.725002367
0.758413099
0.794503512
0.833036273
0.873781973
0.916507837
0.960982519
1.006974065
1.05425078
1.10258086
1.151732546
1.20147406
1.251573633
1.301799491
1.351919863
1.401702976
1.450917059
1.499330339
1.546711044
1.592827402
1.637447641
1.680339989
1.721272673
1.760013922
1.796331963
1.829995025
1.860771335
1.888429121
1.912736611
1.933462032
1.95038576
1.963553763
1.973165196
1.979365316
1.982322286
1.982194535
1.979144629
1.973333375
1.964922328
1.954072725
1.940945938
1.925703282
1.908506096
1.889515708
1.868893452
1.84680066
1.823398662
1.798848792
1.773312381
1.74695076
1.719925262
1.692397218
1.664527961
1.636478822
1.608411133
1.580486225
1.552865431
1.525710083
1.499181512
1.473441051
1.44865003
1.424922947
1.402220568
1.380528767
1.359822745
1.34008224
1.321285061
1.303409837
1.28643485
1.270338527
1.255099235
1.240695367
1.227105303
1.214307429
1.202280131
1.191001791
1.180450796
1.170605529
1.161444376
1.152945721
1.145087948
1.137849442
1.131208588
1.12514377
1.119633374
1.114655783
1.110189383
1.106212557
1.102703691
1.099641169
1.097003376
1.094768091
1.092901938
1.091366101
1.090123725
1.089137117
1.088368942
1.087781714
1.087338008
1.087000377
1.08673138
1.086493575
1.086249521
1.085961775
1.085592896
1.085105441
1.08446197
1.083625039
1.082557208
1.081221034
1.079579076
1.077593891
1.075228039
1.072444076
1.069204562
1.065472054
1.06120911
1.056378289
1.050942149
1.044863247
1.038104143
1.030627441
1.022628099
1.014973257
1.008404046
1.003715152
1.001678498
1.003075685
1.008684198
1.019283271
1.035651397
1.058567382
1.0888099
1.127157681
1.174389429
1.231283863
1.298619692
1.377175632
1.467730394
1.571062692
1.68795124
1.819174749
1.965511934
2.127741507
2.306642181
2.502992669
2.717571685
2.951157942
3.204530152
3.478467029
3.773747285
4.091149636
4.431348741
4.793384734
5.175634732
5.576718716
5.995153461
6.429499592
6.878299112
7.340101923
7.813454576
8.296905055
8.789000721
9.288289208
9.793318036
10.30263476
10.81478694
11.32832212
11.84178785
12.35373169
12.86270117
13.36724387
13.86590733
14.35723909
14.83978671
15.31209775
15.77271974
16.22020025
16.65308683
17.06992702
17.46926837
17.84965845
18.20964543
18.5486184
18.86810957
19.16920285
19.45317268
19.72121252
19.97455025
20.21439912
20.44197859
20.65850549
20.86519777
21.0632729
21.25394855
21.43844231
21.61797179
21.79375462
21.9670084
22.13895075
22.31079927
22.48377159
22.65908531
22.83795804
23.02160742
23.21125102
23.40810649
23.61339142
23.82832343
24.05412013
24.29199915
24.54317807
24.80887453
25.09010559
25.38518185
25.69151729
26.00685989
26.32881566
26.65505095
26.98320648
27.31093384
27.63588002
27.95569397
28.26802378
28.57051793
28.86082471
29.13659252
29.39546969
29.6351046
29.85314558
30.04724102
30.21503925
30.35418863
30.46233753
30.53713431
30.57622731
30.57726489
30.53789542
30.45576724
30.32852872
30.15382822
29.92931408
29.65263468
29.32144174
28.93529945
28.49806503
28.01261341
27.482237
26.91005077
26.29924509
25.6529783
24.97442236
24.26674342
23.53311011
22.77669002
22.00065116
21.20816137
20.40238856
19.58650063
18.76366544
17.93705091
17.10982492
16.28515536
15.46621013
14.6561571
13.85816418
13.07539925
12.31103021
11.56822495
10.85015136
10.15997732
9.500870735
8.875999488
8.288531475
7.741323868
7.233606764
6.763654783
6.330103659
5.931435657
5.566198258
5.232911234
4.930106129
4.65630949
4.410049982
4.189855374
3.994253803
3.821773271
3.670941822
3.540287488
3.428338303
3.333622296
3.254667515
3.190001981
3.138153735
3.09765081
3.06702124
3.044793061
3.029494305
3.019653008
3.013797204
3.010454927
3.008154213
3.005423095
3.000789607
2.992783915
2.980577866
2.964611716
2.945012905
2.922041821
2.895902349
2.866822388
2.83501963
2.800716106
2.764132003
2.72548829
2.685005606
2.642904729
2.599406378
2.554731297
2.50910022
2.462733885
2.415853028
2.368678385
2.321430694
2.274330691
2.227599112
2.181456695
2.136124175
2.091822291
2.048771778
2.007193373
1.967307813
1.929335833
1.893498172
1.860015567
1.829084945
1.800661466
1.774651605
1.75098046
1.729565213
1.71032641
1.693183169
1.678055215
1.664862011
1.653523136
1.643958118
1.636086506
1.629827841
1.625101667
1.621827527
1.619924964
1.619313521
1.619912742
1.62164217
1.624421348
1.628169818
1.632807125
1.638252811
1.644426421
1.651247495
1.658635579
1.666510214
1.674790945
1.683397314
1.692248865
1.701265266
1.710389222
1.719603511
1.728880379
1.738196548
1.747526839
1.75684688
1.766131956
1.775357498
1.784498875
1.793531481
1.802430702
1.811171925
1.819730539
1.828081928
1.836201483
1.84406459
1.851646636
1.858923008
1.865869095
1.872460283
1.87867196
1.884479512
1.889858329
1.894783796
1.899231302
1.903176233
1.906593977
1.909459922
1.911749454
1.913437962
1.914504436
1.91495987
1.914819875
1.914098286
1.912809689
1.910968353
1.908588682
1.905685021
1.902271741
1.898363202
1.893973769
1.889117804
1.88380967
1.878063731
1.871894349
1.86531589
1.858342713
1.850989185
1.843269667
1.835198522
1.826790115
1.818058808
1.809018964
1.799684947
1.790071119
1.780191844
1.770061485
1.759694406
1.749104968
1.738307537
1.727316275
1.716121123
1.704674957
1.692940944
1.680877877
1.66844641
1.655606404
1.642318057
1.628541425
1.614236623
1.599363742
1.583882883
1.567754143
1.550937619
1.533393411
1.515081615
1.49596233
1.475995653
1.455141683
1.433360517
1.410612253
1.38685699
1.362054825
1.336165856
1.309150181
1.280967897
1.251579104
1.220943898
1.189022378
1.155774641
1.121160785
1.085205682
1.048438667
1.011435697
0.974754712
0.93896131
0.904617836
0.872288016
0.84253499
0.815922146
0.793012767
0.774370181
0.760557696
0.75213863
0.749676296
0.753734007
0.764875081
0.783662828
0.810660566
0.846431608
0.891539267
0.94654686
1.0120177
1.088515102
1.176602379
1.276842847
1.389799819
1.516036611
1.656116536
1.810602909
1.980059045
2.165041805
2.365550747
2.580836703
2.810368539
3.053522456
3.309714038
3.57834213
3.858812691
4.150528662
4.45289426
4.765313165
5.08718927
5.417926407
5.756928401
6.103599108
6.457342346
6.817561974
7.183661815
7.555045712
7.931117502
8.311281023
8.694940115
9.081498613
9.470360361
9.860929191
10.25260894
10.64480345
11.03691656
11.4283521
11.81851392
12.20680585
12.59280195
12.97724295
13.36092165
13.74461115
14.12909296
14.51514499
14.90354667
15.2950768
15.69051445
16.09063857
16.49622815
16.90806218
17.32691965
17.75357954
18.18882082
18.6334225
19.08816355
19.55382297
20.03117973
20.52101282
21.02410122
21.54122393
22.07315992
22.62068819
23.18458772
23.76563748
24.36461648
24.98230368
25.61947809
26.27691868
26.95538165
27.65416202
28.3708346
29.10349655
29.85002302
30.60838353
31.37650747
32.15234131
32.93382425
33.71889857
34.50550526
35.29158586
36.07508165
36.85393404
37.62608434
38.38947403
39.14204432
39.88173676
40.60649258
41.3142532
42.00295997
42.67055427
43.3149775
43.93417097
44.52607607
45.08863419
45.61978666
46.11747485
46.57964018
47.00422399
47.38916761
47.73275314
48.03532176
48.29721658
48.51878221
48.70036249
48.84230167
48.94494394
49.00863326
49.03371398
49.02053
48.9694256
48.88074486
48.75483192
48.59203087
48.39268586
48.15714106
47.88574055
47.57882849
47.23674894
46.85984612
46.44846412
46.00294705
45.52363906
45.01088422
44.46502678
43.88641078
43.27538035
42.63227963
41.95745279
41.2512439
40.51401901
39.7472254
38.95342236
38.13481887
37.29377266
36.43257843
35.55355759
34.65902012
33.75128093
32.83265293
31.90544967
30.97198459
30.03457111
29.09552268
28.15715272
27.22177468
26.29170199
25.3692481
24.45672642
23.55645041
22.6707335
21.80188912
20.95223071
20.12407171
19.31972555
18.54150567
17.79172551
17.0726985
16.38673808
15.73615768
15.12327075
14.54976396
14.0139784
13.51438573
13.04940054
12.61746165
12.21699759
11.84644125
11.50422369
11.18877674
10.89853189
10.63192079
10.38737502
10.16332617
9.958205854
9.770445663
9.598477191
9.440732036
9.295641805
9.16163809
9.037152484
8.920616596
8.810462017
8.70512034
8.603023175
8.502602107
8.402288747
8.300514681
8.19571152
8.086310845
7.970744269
7.847475026
7.716198403
7.577712918
7.432457831
7.281025099
7.123941765
6.961762475
6.795030148
6.624292669
6.450095825
6.272986292
6.09351037
5.912214517
5.729645117
5.546348601
5.362871371
5.179759834
4.997560407
4.816819496
4.638083514
4.461898879
4.288811987
4.11936926
3.954117102
3.793601931
3.638370153
3.48896818
3.345942421
3.209839293
3.081205198
2.960586552
2.848375089
2.744232757
2.647876627
2.559000224
2.477307081
2.402496477
2.334269501
2.27232647
2.21636803
2.166094688
2.121207009
2.081405535
2.046390816
2.015863399
1.989523833
1.967072666
1.948210445
1.932637719
1.920055036
1.910162945
1.902661992
1.897252726
1.893635696
1.891511449
1.890580533
1.890543497
1.891100889
1.891953256
1.892801147
1.893345109
1.893292347
1.892559307
1.891224712
1.889312869
1.88687121
1.88393734
1.88055304
1.876758317
1.87259393
1.868100321
1.863318064
1.858287679
1.853049707
1.847644684
1.842113143
1.836495622
1.830832654
1.825164778
1.819532527
1.813976437
1.808537045
1.803254884
1.798170492
1.793324404
1.788757155
1.784509281
1.780621317
1.7771338
1.774087264
1.771522245
1.76947928
1.767979406
1.766962356
1.766376695
1.766167233
1.766280376
1.766661852
1.767257676
1.768013741
1.768875994
1.769790357
1.770702764
1.771559141
1.772305421
1.772887533
1.773251406
1.773342971
1.773108157
1.772492895
1.771443113
1.769904743
1.767823713
1.765145955
1.761817396
1.757783969
1.752991602
1.747386224
1.740913768
1.73352016
1.725151333
1.715753216
1.705276962
1.693808786
1.681525015
1.668570958
1.655105105
1.641280344
1.627251946
1.613174165
1.59920169
1.585489025
1.572190753
1.559461423
1.547455597
1.536327834
1.526232691
1.51732473
1.509758508
1.503688584
1.499269518
1.496655868
1.496002194
1.497463055
1.501193008
1.507346614
1.516078432
1.527543019
1.541894936
1.559288742
1.579878995
1.603820254
1.631267079
1.662309092
1.696796708
1.734613491
1.775628916
1.819718445
1.866754996
1.91661257
1.969164706
2.024285138
2.08184752
2.141725539
2.203792867
2.267923182
2.333990163
2.401867484
2.471428824
2.54254786
2.615098267
2.688953724
2.763987907
2.840074493
2.917087159
2.994899583
3.07338544
3.152418408
3.231872164
3.311620384
3.391536748
3.471494926
3.551368604
3.63104439
3.710687835
3.79062326
3.87111904
3.952467326
4.034950151
4.118853865
4.20446297
4.29206276
4.381938189
4.474374364
4.569656314
4.668069107
4.769897801
4.875427447
4.984943109
5.098729835
5.217072686
5.340256726
5.468567
5.602288568
5.741706491
5.887105823
6.038771623
6.196988946
6.362042845
6.534218382
6.713800617
6.901074596
7.096325385
7.299838036
7.511779726
7.731934613
7.960150164
8.196246951
8.440056973
8.691407366
8.950127341
9.216045226
9.488989722
9.768789367
10.05527278
10.34826853
10.64760523
10.95311146
11.26461579
11.58194684
11.90493319
12.23340342
12.56718613
12.90610992
13.25000336
13.59869505
13.95201357
14.30978753
14.67184551
15.0380161
15.40812788
15.78200945
16.15948941
16.54039633
16.92455223
17.31165921
17.70136181
18.09332528
18.48720606
18.88266436
19.27935876
19.67694856
20.07509272
20.47345037
20.87168057
21.26944239
21.66639492
22.06219721
22.45650836
22.84898743
23.2392935
23.62708564
24.01202293
24.39376445
24.77196926
25.14629644
25.51640507
25.88195422
26.24260297
26.59801039
26.94783556
27.29173755
27.62937543
27.96040828
28.28449518
28.60129856
28.91049042
29.21174099
29.50472124
29.78910182
30.06455351
30.33074706
30.58735321
30.83404272
31.07048632
31.29635477
31.51131882
31.7150492
31.90721669
32.08749201
32.25554592
32.41104916
32.5536725
32.68308665
32.7989624
32.90097047
32.98878162
33.06206659
33.12049613
33.16374099
33.19147193
33.20335968
33.19907499
33.17828862
33.14067131
33.08590564
33.01385784
32.92446747
32.81764719
32.6933211
32.55140843
32.39183049
32.21450771
32.01936087
31.80631061
31.57527766
31.32618266
31.05894633
30.77348935
30.46973239
30.14759614
29.80700131
29.44786855
29.07011857
28.67367205
28.25844967
27.82437213
27.3713601
26.89933427
26.40821532
25.89792396
25.36838085
24.81950669
24.25122215
23.66344794
23.05610522
22.42971091
21.78628503
21.12753066
20.45528559
19.77133034
19.0774698
18.3754985
17.66721534
16.95441739
16.2389025
15.52246817
14.80691205
14.09403176
13.38562489
12.68348907
11.9894219
11.30522099
10.63268396
9.973608414
9.329791964
8.703032232
8.095126816
7.507873335
6.9430694
6.402512617
5.888000606
5.401330973
4.944301325
4.518709288
4.12635246
3.76884561
3.445364991
3.154292769
2.894307285
2.663961
2.461859874
2.286587132
2.13673566
2.010894239
1.907653394
1.825602908
1.763332882
1.719433279
1.692494122
1.681105408
1.683857146
1.699339339
1.726141993
1.762855112
1.808068702
1.860372767
1.918357312
1.980612342
2.045727864
2.11229388
2.178900397
2.244137419
2.306594951
2.364862998
2.417531565
2.463191802
2.501047063
2.531661065
2.555284235
2.572300147
2.583035788
2.587842194
2.587060181
2.581034906
2.570109684
2.554628613
2.534935456
2.511374119
2.484288448
2.454022314
2.420919578
2.385324104
2.347579756
2.308030397
2.267019891
2.224892102
2.181990893
2.138660128
2.09524367
2.052085384
2.009529132
1.967918779
1.927598187
1.888911222
1.852201746
1.817813622
1.786060321
1.756904512
1.730218264
1.711445221
1.688748968
1.668246612
1.649834384
1.633408513
1.618865229
1.606100761
1.595011339
1.585493193
1.577442551
1.570755644
1.565328701
1.561057953
1.557839627
1.555569955
1.554145165
1.553461487
1.553415151
1.553902387
1.554819423
1.55606249
1.557527817
1.559111634
1.56071017
1.562219655
1.563536319
1.56455639
1.565176204
1.565322287
1.56499297
1.564197026
1.562943227
1.561240347
1.55909716
1.556522437
1.553524953
1.550113481
1.546296792
1.542083662
1.537482862
1.532503166
1.527153347
1.521442178
1.515378432
1.508970882
1.502228302
1.495159464
1.487773141
1.480078107
1.472083136
1.463796998
1.455228469
1.446386321
1.437279328
1.427916261
1.418305895
1.408457002
1.398378357
1.388086417
1.377678122
1.36729841
1.357092855
1.347207035
1.337786526
1.328976904
1.320923748
1.313772632
1.307669133
1.302758829
1.299187296
1.297100109
1.296642847
1.297961085
1.301200401
1.30650637
1.314024569
1.323900576
1.336279966
1.351308316
1.369131202
1.389894202
1.413742892
1.440822848
1.471279647
1.505258866
1.542906081
1.58436687
1.629786807
1.679310901
1.732983161
1.790631274
1.852055002
1.917054108
1.985428356
2.056977508
2.131501327
2.208799576
2.288672018
2.370918417
2.455338535
2.541732135
2.62989898
2.719638833
2.810751458
2.903036616
2.996294072
3.090323588
3.184924927
3.279897852
3.375042126
3.470157512
3.565043774
3.659500673
3.753327975
3.846325438
3.938292832
4.029029914
4.118336448
4.206012198
4.291948092
4.376874518
4.461974396
4.548435035
4.637443757
4.730187864
4.827854676
4.931631499
5.04270565
5.162264441
5.291495181
5.431585184
5.583721762
5.74909223
5.928883895
6.124284072
6.336480074
6.566659214
6.816008805
7.085716154
7.376968577
7.690953388
8.028857895
8.391869414
8.781175251
9.19796273
9.643419151
10.11873183
10.62508809
11.16367523
11.73567021
12.3410199
12.97729438
13.64179229
14.33181233
15.04465315
15.77761344
16.52799185
17.29308706
18.07019775
18.85662258
19.64966022
20.44660935
21.24476864
22.04143675
22.83391236
23.61949414
24.39548076
25.15917089
25.90786321
26.63885637
27.34944906
28.03693995
28.6986277
29.33181099
29.93378849
30.50185887
31.03332079
31.52547294
31.97561398
32.38104259
32.73947597
33.05203545
33.32149881
33.55065489
33.74229253
33.8992006
34.02416791
34.1199833
34.18943564
34.23531375
34.2604065
34.26750273
34.25939125
34.2388609
34.20870056
34.17169906
34.13064526
34.08832795
34.04753602
34.0110583
33.9816836
33.96220084
33.95539878
33.96406634
33.99099228
34.03896549
34.11077481
34.20920911
34.33705717
34.49710789
34.69212545
34.92278959
35.18614127
35.47885536
35.79760676
36.13907032
36.49992098
36.87683359
37.26648298
37.66554415
38.07069187
38.47860112
38.8859467
39.28940353
39.68564653
40.0713505
40.44319039
40.79784109
41.13197742
41.44227431
41.72540663
41.9780493
42.19687712
42.37856505
42.51978795
42.61722072
42.66753818
42.66741531
42.61352688
42.50254787
42.33115314
42.09656676
41.79997245
41.44429036
41.03244811
40.56737329
40.05199345
39.4892362
38.88202912
38.2332998
37.54597581
36.82298476
36.06725424
35.2817118
34.46928508
33.63290163
32.77548902
31.89997487
31.00928676
30.10635227
29.19409899
28.27545451
27.35334641
26.43070227
25.51044969
24.59551625
23.68882954
22.79331714
21.91190664
21.04752563
20.20310169
19.38154354
18.58456903
17.81201554
17.06355455
16.33885755
15.63759603
14.95944146
14.30406535
13.67113918
13.06033443
12.47132259
11.90377516
11.35736362
10.83175945
10.32663415
9.841659196
9.376506088
8.930846304
8.504351336
8.096692669
7.707541796
7.336570199
6.983449367
6.647850788
6.329445952
6.027906343
5.742903451
5.474108765
5.221193766
4.983829951
4.761688801
4.554421553
4.361549648
4.182543307
4.01687263
3.864007714
3.723418661
3.594575566
3.476948528
3.370007646
3.273223019
3.186064743
3.108002919
3.038507644
2.977049017
2.923097136
2.8761221
2.835594007
2.800982955
2.771759043
2.74739237
2.727353034
2.711111132
2.698136764
2.687900028
2.679871022
2.673519846
2.668316596
2.663731372
2.659234272
2.654295395
2.648389465
2.641216648
2.632799483
2.6231853
2.612421428
2.600555198
2.58763394
2.573704983
2.558815658
2.543013294
2.526345222
2.508858771
2.490601272
2.471620054
2.451962447
2.431675783
2.410807389
2.389404597
2.367514736
2.345185137
2.322463129
2.299396043
2.276031207
2.252415953
2.22859761
2.204623509
2.180540978
2.156397349
2.132239951
2.108116114
2.084073169
2.060156641
2.036401761
2.01284011
1.989503263
1.966422797
1.943630288
1.921157313
1.899035447
1.877296266
1.855971348
1.835092268
1.814690603
1.794797928
1.77544582
1.756665856
1.738489611
1.720948661
1.704074584
1.687898955
1.67245335
1.657769346
1.643878519
1.630812444
1.618602699
1.60728086
1.596878503
1.587427203
1.578958539
1.571504084
1.565095416
1.559762976
1.555493297
1.552216006
1.549856945
1.548341951
1.547596866
1.547547527
1.548119775
1.549239449
1.550832388
1.552824432
1.55514142
1.557709192
1.560453586
1.563300444
1.566175602
1.569004903
1.571714183
1.574229284
1.576476044
1.578380303
1.579867901
1.580864676
1.581296468
1.581089118
1.580168462
1.578460343
1.575890598
1.572385067
1.56786959
1.562270006
1.555521008
1.547602407
1.538508355
1.528233009
1.516770526
1.504115064
1.49026078
1.475201831
1.458932375
1.441446568
1.422738567
1.402802531
1.381632616
1.359222979
1.335567779
1.310661171
1.284497313
1.257070363
1.228374478
1.198403814
1.167152529
1.134614781
1.100784726
1.065656522
1.029224327
0.991482296
0.952424588
0.912045359
0.870338768
0.827298971
0.782925619
0.737390683
0.691068653
0.644345609
0.597607627
0.551240786
0.505631164
0.461164838
0.418227886
0.377206386
0.338486416
0.302454054
0.269495377
0.239996463
0.21434339
0.192922237
0.17611908
0.164319997
0.157911067
0.157278367
0.162807975
0.174885969
0.193898426
0.220231425
0.254271043
0.296403358
0.347014448
0.406490391
0.475217264
0.553581146
0.641968114
0.740816156
0.850799679
0.972660359
1.107139878
1.254979916
1.416922155
1.593708275
1.786079959
1.994778886
2.220546738
2.464125196
2.726255942
3.007680656
3.309141019
3.631378713
3.975135419
4.341152815
4.730172586
5.142936412
5.580185975
6.042662955
6.53110903
7.046265887
7.588875205
8.159678663
8.759417944
9.388834727
10.0486707
10.73966753
11.46256691
12.21805187
13.00528676
13.82181667
14.66510788
15.53262666
16.42183929
17.33021203
18.25521116
19.19430296
20.14495369
21.10462964
22.07079707
23.04092227
24.0124715
24.98291103
25.94970715
26.91032613
27.86223423
28.80289774
29.72978292
30.64035606
31.53208342
32.40243127
33.2488659
34.06885358
34.85986058
35.61935316
36.34479762
37.03366024
37.68340724
38.29150493
38.85615781
39.37857644
39.86073653
40.30461374
40.71218376
41.08542228
41.42630496
41.73680751
42.01890563
42.27457494
42.50579116
42.71452998
42.90276705
43.07247807
43.22563876
43.36422477
43.49021175
43.60557541
43.71229145
43.81233554
43.90768337
44.00031061
44.09219294
44.18530606
44.28162565
44.38312735
44.49178691
44.60957993
44.7384822
44.88046931
45.03741603
45.20900814
45.39281348
45.58631322
45.78698861
45.99232074
46.19979086
46.40688013
46.61106974
46.80984087
47.00067468
47.18105242
47.34845518
47.50036422
47.63426069
47.74762578
47.83794067
47.90268656
47.9393446
47.94539598
47.91832191
47.85560356
47.75472211
47.61315875
47.42839463
47.19791098
46.91918894
46.58970975
46.20695456
45.76840451
45.27154091
44.71489085
44.1007909
43.43244455
42.71305522
41.94582645
41.13396166
40.28066435
39.38913793
38.46258598
37.50421188
36.51721913
35.50481122
34.4701916
33.41656375
32.34713112
31.26509722
30.1736655
29.07603943
27.97542249
26.87501815
25.77802988
24.68766114
23.60711542
22.53959618
21.48830691
20.45645105
19.4472321
18.46385351
17.50951877
16.58743135
15.70068267
14.85030395
14.03551797
13.25548606
12.50936957
11.79632983
11.1155282
10.46612601
9.847284605
9.258165334
8.697929537
8.165738554
7.660753731
7.182136408
6.72904793
6.30064964
5.896102882
5.514568994
5.155209324
4.817185213
4.499658001
4.201789035
3.922739654
3.661671207
3.41774503
3.19012247
2.977964868
2.780433567
2.596689911
2.425895242
2.267210926
2.119884888
1.983447205
1.857485346
1.741586779
1.635338974
1.5383294
1.450145526
1.370374821
1.298604753
1.234422792
1.177416408
1.127173068
1.083280242
1.045325399
1.012896008
0.985579538
0.962963458
0.944635238
0.930182345
0.91919225
0.91125242
0.905950326
0.902873437
0.901609221
0.901745147
0.902868684
0.904567301
0.906428469
0.908039654
0.908988327
0.908879773
0.907599891
0.905257996
0.901969595
0.897850193
0.893015297
0.887580415
0.881661052
0.875372715
0.86883091
0.862151145
0.855448925
0.848839757
0.842439148
0.836362604
0.830725631
0.825643736
0.821232427
0.817607208
0.814883587
0.813177071
0.812603165
0.813277376
0.815315211
0.818832177
0.823943779
0.830765525
0.83941292
0.850001472
0.862646687
0.877464021
0.894511117
0.913676737
0.934818965
0.957795888
0.98246559
1.008686156
1.036315674
1.065212226
1.095233901
1.126238782
1.158084955
1.190630507
1.223733521
1.257252083
1.29104428
1.324968197
1.358881918
1.392643529
1.426111117
1.459142766
1.491596561
1.523330589
1.554202934
1.584071683
1.61279492
1.640230731
1.666237202
1.690672418
1.713394464
1.734261426
1.753139493
1.770005108
1.78491429
1.797924822
1.809094484
1.818481057
1.826142325
1.832136069
1.83652007
1.83935211
1.840689971
1.840591435
1.839114283
1.836316297
1.832255259
1.826988951
1.820575153
1.813071649
1.804536219
1.795026646
1.784600711
1.773316195
1.761230881
1.748402551
1.734888986
1.720747968
1.706037277
1.690814698
1.67513801
1.659064996
1.64265343
1.625957716
1.609023411
1.59189464
1.57461553
1.557230205
1.539782791
1.522317415
1.5048782
1.487509274
1.470254762
1.453158789
1.436265481
1.419618964
1.403263362
1.387242802
1.371601409
1.35638331
1.341632628
1.327393491
1.313710023
1.300626351
1.288186599
1.276434894
1.26541536
1.255172125
1.245749312
1.237191049
1.229541459
1.22284467
1.217144806
1.212479158
1.208804115
1.206023169
1.204038904
1.202753898
1.202070736
1.201891997
1.202120263
1.202658116
1.203408136
1.204272905
1.205155004
1.205957014
1.206581517
1.206931095
1.206908328
1.206415798
1.205356086
1.203631773
1.201145441
1.197799671
1.193497045
1.188140143
1.181631547
1.173873839
1.164769599
1.154221409
1.142131851
1.128403505
1.112938953
1.09564153
1.076623061
1.056487019
1.035907716
1.015559458
0.996116553
0.97825331
0.962644038
0.949963045
0.940884639
0.936083129
0.936232821
0.942008026
0.954083052
0.973132206
0.999829798
1.034850135
1.078867525
1.132556278
1.196590701
1.271645103
1.358393792
1.457511076
1.569671264
1.695548665
1.835817585
1.991152335
2.162227221
2.349716553
2.554294639
2.776635787
3.01733718
3.276196873
3.552540154
3.845686141
4.15495396
4.479662736
4.819131591
5.172679649
5.539626029
5.919289858
6.310990259
6.714046353
7.127777264
7.551502115
7.984540034
8.426210135
8.875831547
9.332723391
9.796204793
10.26559487
10.74021276
11.21937757
11.70240842
12.18862445
12.67734478
13.16788852
13.6595748
14.15172274
14.64365148
15.13468013
15.62412836
16.11141016
16.59613987
17.07795743
17.55650279
18.03141589
18.50233668
18.96890509
19.43076109
19.88754459
20.33889557
20.78445395
21.22385969
21.65675272
22.082773
22.50156046
22.91275505
23.31599672
23.7109254
24.09718106
24.47440362
24.84223303
25.20030925
25.5482722
25.88576185
26.21241812
26.52788098
26.83179035
27.12378619
27.40350844
27.67059704
27.92468969
28.1654035
28.3923446
28.60511901
28.80333275
28.98659183
29.15450229
29.30667013
29.44270139
29.56220208
29.66477822
29.75003583
29.81758093
29.86701955
29.8979577
29.9100014
29.90275667
29.87582954
29.82882602
29.76135214
29.67301391
29.56341735
29.43216849
29.27887335
29.10313794
28.90456828
28.68277041
28.43735033
28.16791407
27.87406764
27.55542146
27.21209174
26.8451641
26.45583374
26.04529588
25.61474573
25.16537848
24.69838936
24.21497356
23.71632629
23.20364277
22.67811819
22.14094777
21.59332672
21.03645024
20.47151354
19.89971183
19.32224031
18.74029419
18.15506869
17.56775901
16.97956035
16.39166792
15.80527694
15.22158261
14.64178013
14.06706472
13.49863158
12.93767592
12.38539295
11.84297788
11.31154841
10.7915981
10.28331928
9.786902318
9.302537604
8.830415512
8.370726421
7.923660718
7.489408774
7.068160977
6.660107702
6.265439329
5.88434624
5.517018812
5.163647427
4.824422468
4.499534308
4.18917333
3.893529916
3.612794442
3.347157289
3.096808839
2.86193947
2.642739563
2.439399496
2.252109651
2.081060406
1.926442142
1.788445239
1.667260075
1.56307285
1.475724429
1.4044577
1.348456012
1.306902711
1.278981146
1.263874664
1.260766612
1.268840339
1.287279192
1.315266518
1.351985666
1.396619983
1.448352816
1.506367515
1.569847425
1.637975895
1.709936272
1.784911905
1.86208614
1.940642325
2.019763809
2.098633939
2.176436062
2.252353526
2.325569679
2.395267869
2.460631442
2.520843748
2.575088133
2.622547946
2.662509225
2.694991365
2.720332684
2.738872809
2.750951367
2.756907984
2.757082288
2.751813904
2.741442459
2.726307581
2.706748895
2.683106028
2.655718607
2.624926259
2.59106861
2.554485287
2.515515916
2.474500125
2.431777539
2.387687785
2.34257049
2.296765281
2.250611785
2.204449627
2.158618434
2.113457835
2.069307454
2.026506918
1.985395854
1.94631389
1.909598148
1.875431281
1.843753943
1.814485671
1.787546004
1.762854478
1.740330631
1.719894
1.701464123
1.684960538
1.670302781
1.65741039
1.646202903
1.636599856
1.628520788
1.621885236
1.616612737
1.612622829
1.609835049
1.608168934
1.607544022
1.607879851
1.609095957
1.611111879
1.613847153
1.617221317
1.621153909
1.625564466
1.630372525
1.635497624
1.640859301
1.646380164
1.652002335
1.657675567
1.663349631
1.668974297
1.674499338
1.679874523
1.685049625
1.689974413
1.694598659
1.698872135
1.70274461
1.706165857
1.709085645
1.711453747
1.713219933
1.714333974
1.714745641
1.714404706
1.713260938
1.71126411
1.708363992
1.704510355
1.699652971
1.69374161
1.686726044
1.678556042
1.669181378
1.65855182
1.646617141
1.633328624
1.618709843
1.602886929
1.585993813
1.568164425
1.549532697
1.530232559
1.510397941
1.490162775
1.469660991
1.449026519
1.428393292
1.407895238
1.387666289
1.367840375
1.348551428
1.329933377
1.312120154
1.29524569
1.279443914
1.264848758
1.251594153
1.239814028
1.229642315
1.221212944
1.214659847
1.210116953
1.207718194
1.207597499
1.209888801
1.214726029
1.222210486
1.232258844
1.244722905
1.259454401
1.276305062
1.295126622
1.31577081
1.338089358
1.361933997
1.387156458
1.413608474
1.441141775
1.469608093
1.498859158
1.528746703
1.559122458
1.589838155
1.620745525
1.6516963
1.682542211
1.713134988
1.743326365
1.772968071
1.801911838
1.830009397
1.857112481
1.883072819
1.907742144
1.930972186
1.952614677
1.972529901
1.990903091
2.008337329
2.025463192
2.042911259
2.061312109
2.08129632
2.10349447
2.128537139
2.157054905
2.189678346
2.227038041
2.269764568
2.318488507
2.373840435
2.436450931
2.506950573
2.585969941
2.674139612
2.772090166
2.88045218
2.999856234
3.130932906
3.274312774
3.430626416
3.600504415
3.784577341
3.983475783
4.197830311
4.428271506
4.67542995
4.939756775
5.220796767
5.517809201
5.830053241
6.156788059
6.49727282
6.850766692
7.216528847
7.59381845
7.981894672
8.380016675
8.787443633
9.203434713
9.627249081
10.05814591
10.49538436
10.9382236
11.38592281
11.83774114
12.29293778
12.75077187
13.21050261
13.67138914
14.13269065
14.59366629
15.05357524
15.51167666
15.96722973
16.4194936
16.86772746
17.31121193
17.7498902
18.18447814
18.61573525
19.04442102
19.47129497
19.89711658
20.32264537
20.74864085
21.17586249
21.60506983
22.03702234
22.47247954
22.91220093
23.35694602
23.80747429
24.26454526
24.72891843
25.2013533
25.68260938
26.17344615
26.67462314
27.18689983
27.71103574
28.24779036
28.7979232
29.36219375
29.94136153
30.53618603
31.14742676
31.77584322
32.42158443
33.0820439
33.75383804
34.43358325
35.11789585
35.8033922
36.48668869
37.1644017
37.83314758
38.48954266
39.13020336
39.751746
40.35078699
40.92394266
41.46782939
41.97906355
42.45426151
42.89003959
43.28301419
43.62980169
43.92701844
44.1712808
44.35920516
44.48740783
44.55250523
44.55111369
44.47984959
44.33532932
44.11416921
43.81298562
43.42854022
42.96130076
42.41565619
41.79618374
41.10746062
40.35406404
39.54057125
38.67155943
37.75160584
36.78528766
35.77718217
34.73186657
33.65391803
32.54791385
31.4184312
30.27004732
29.10733943
27.93488475
26.7572605
25.5790439
24.40481218
23.23914256
22.08661225
20.95179849
19.83927848
18.75362946
17.69942865
16.68125326
15.70368052
14.77128765
13.88865187
13.05929998
12.28251944
11.55652827
10.87954457
10.24978637
9.66547174
9.124818747
8.62604545
8.167369908
7.747010182
7.363184335
7.014110428
6.698006522
6.413090676
6.157580952
5.929695412
5.727652118
5.549669126
5.393964506
5.25875631
5.142262603
5.042701447
4.958290903
4.887249032
4.827793893
4.77814355
4.736516059
4.701129488
4.670201893
4.641951339
4.614635882
4.587369309
4.560086908
4.532757116
4.505348362
4.477829079
4.450167708
4.422332674
4.394292416
4.366015368
4.337469962
4.308624636
4.279447818
4.249907945
4.219973449
4.18961277
4.158794333
4.127486578
4.095657939
4.063276846
4.030311737
3.996731045
3.9625032
3.927596639
3.891979798
3.855621109
3.818489002
3.780551917
3.741778286
3.702136544
3.661595123
3.620143986
3.577850824
3.534800841
3.491079256
3.446771279
3.401962119
3.356736993
3.311181111
3.265379686
3.219417931
3.173381057
3.127354277
3.081422803
3.035671848
2.990186624
2.945052343
2.900354218
2.856177461
2.812607284
2.769728901
2.727627522
2.686388361
2.646096629
2.60683754
2.568696306
2.531758138
2.496108249
2.461831852
2.429014159
2.397740382
2.368091537