2.340072439
2.313621536
2.288675055
2.265169224
2.24304027
2.222224423
2.202657909
2.184276956
2.167017793
2.150816646
2.135609745
2.121333316
2.107923588
2.095316788
2.083449144
2.072256885
2.061676237
2.051643429
2.042094689
2.032966244
2.024194322
2.015715152
2.00746496
1.999379975
1.991396425
1.983450537
1.975478539
1.96741666
1.959201126
1.950768172
1.942075445
1.933149769
1.924031915
1.914762656
1.905382762
1.895933004
1.886454155
1.876986984
1.867572264
1.858250766
1.849063261
1.840050521
1.831253316
1.822712418
1.814468599
1.80656263
1.799035281
1.791927324
1.785279531
1.779132673
1.773527522
1.768504847
1.764105421
1.760370016
1.757339402
1.75505435
1.753555632
1.75288402
1.753080284
1.754185196
1.756235309
1.759201518
1.763002857
1.767556943
1.772781396
1.778593835
1.784911877
1.791653143
1.79873525
1.806075817
1.813592463
1.821202808
1.828824469
1.836375065
1.843772216
1.85093354
1.857776655
1.86421918
1.870178735
1.875572938
1.880319408
1.884335763
1.887539622
1.889848605
1.891180329
1.891452414
1.890582477
1.888488139
1.885087018
1.880296733
1.87403495
1.866270605
1.857121104
1.846730574
1.835243143
1.822802939
1.80955409
1.795640724
1.781206968
1.76639695
1.751354799
1.736224641
1.721150606
1.70627682
1.691747411
1.677706508
1.664298237
1.651666729
1.639956108
1.629310505
1.619874045
1.611790858
1.605205071
1.600260813
1.59710221
1.59587339
1.596718483
1.599781614
1.605206912
1.613138506
1.623720522
1.637127591
1.653944632
1.675050364
1.701329893
1.733668326
1.77295077
1.82006233
1.875888114
1.941313227
2.017222776
2.104501868
2.204035608
2.316709105
2.443407463
2.585015789
2.74241919
2.916502772
3.108151642
3.318250906
3.54768567
3.797341041
4.068102126
4.360854031
4.676481864
5.015870725
5.379905729
5.769471976
6.185454577
6.628738636
7.10020926
7.600749752
8.130379252
8.686870028
9.267633863
9.870082538
10.49162783
11.12968152
11.78165539
12.44496123
13.1170108
13.7952159
14.4769883
15.15973979
15.84088214
16.51782714
17.18798656
17.84877218
18.4975958
19.13186919
19.74900412
20.34641238
20.92150576
21.47169602
21.99439496
22.48701435
22.94696597
23.37166161
23.75851303
24.10493204
24.4083304
24.6661199
24.87597887
25.03870676
25.15712737
25.23409872
25.27247882
25.2751257
25.24489736
25.18465183
25.09724712
24.98554126
24.85239226
24.70065814
24.53319691
24.3528666
24.16252522
23.96503079
23.76324132
23.56001484
23.35820937
23.16068291
22.97029349
22.78989913
22.62235785
22.47052765
22.33726656
22.22543261
22.13788379
22.07747814
22.04707367
22.0495284
22.08769502
22.16301621
22.27363741
22.41723352
22.59147943
22.79405004
23.02262023
23.2748649
23.54845894
23.84107725
24.15039472
24.47408623
24.80982669
25.15529099
25.50815401
25.86609065
26.22677581
26.58788438
26.94709124
27.3020713
27.65049944
27.99005056
28.31839955
28.6332213
28.93219071
29.21298267
29.47327207
29.7107338
29.92304276
30.10787383
30.26290192
30.38597018
30.47664706
30.53551358
30.56316361
30.56019103
30.52718974
30.46475362
30.37347655
30.25395241
30.10677509
29.93253848
29.73183645
29.5052629
29.2534117
28.97687673
28.6762519
28.35213107
28.00510813
27.63577696
27.24473145
26.83256549
26.39987296
25.94724774
25.47528371
24.98457476
24.47571478
23.94929764
23.40591723
22.84616744
22.27064215
21.67993697
21.07493282
20.4571117
19.82803171
19.18925094
18.54232748
17.88881942
17.23028485
16.56828187
15.90436857
15.24010304
14.57704338
13.91674767
13.26077402
12.61068051
11.96802523
11.33436628
10.71126175
10.10026973
9.502948319
8.920855605
8.35554968
7.808588638
7.281530571
6.77593357
6.293355731
5.835355147
5.403489905
4.999318101
4.62439783
4.280287178
3.968345995
3.688144977
3.438305922
3.21744192
3.024166054
2.857091414
2.714831088
2.595998164
2.499205729
2.423066873
2.366194681
2.327202243
2.304702647
2.297308979
2.303634328
2.322291783
2.35189443
2.391055358
2.438387654
2.492504407
2.552018704
2.615543633
2.681692283
2.74907774
2.816313093
2.88201143
2.944785838
3.003249406
3.056015222
3.101696372
3.138911191
3.166866084
3.185885329
3.196418327
3.198914475
3.19382317
3.181593811
3.162675796
3.137518523
3.106571389
3.070283793
3.029105132
2.983484804
2.933872208
2.880716741
2.824467801
2.765574786
2.704487095
2.641654124
2.577525272
2.512549937
2.447177516
2.381857409
2.317039012
2.253171723
2.190704941
2.130088063
2.071770488
2.016201613
1.963830836
1.915107556
1.870433222
1.67832
1.677997036
1.677674071
1.677351107
1.677028142
1.676705178
1.676382214
1.676059249
1.675736285
1.675413321
1.675090356
1.674767392
1.674444427
1.674121463
1.673798499
1.673475534
1.67315257
1.672829605
1.672506641
1.672183677
1.671860712
1.671537748
1.671214784
1.670891819
1.670568855
1.67024589
1.669922926
1.669599962
1.669276997
1.668954033
1.668631068
1.668140236
1.665341211
1.662542186
1.659743162
1.656944137
1.654145112
1.651346088
1.648547063
1.645748038
1.642949014
1.640149989
1.637350964
1.63455194
1.631752915
1.62895389
1.626154866
1.623355841
1.620556816
1.617757792
1.614958767
1.612159742
1.609360718
1.606561693
1.603762668
1.600963644
1.598164619
1.595365595
1.59256657
1.589767545
1.586968521
1.584169496
1.586786055
1.623926959
1.661067863
1.698208767
1.735349671
1.772490575
1.809631479
1.846772384
1.883913288
1.921054192
1.958195096
1.995336
2.032476904
2.069617808
2.106758712
2.143899616
2.181040521
2.218181425
2.255322329
2.292463233
2.329604137
2.366745041
2.403885945
2.441026849
2.478167753
2.515308658
2.552449562
2.589590466
2.62673137
2.663872274
2.701013178
2.781836384
3.033748603
3.285660822
3.537573041
3.78948526
4.041397479
4.293309699
4.545221918
4.797134137
5.049046356
5.300958575
5.552870795
5.804783014
6.056695233
6.308607452
6.560519671
6.81243189
7.06434411
7.316256329
7.568168548
7.820080767
8.071992986
8.323905205
8.575817425
8.827729644
9.079641863
9.331554082
9.583466301
9.835378521
10.08729074
10.33920296
10.60892384
10.92650548
11.24408712
11.56166877
11.87925041
12.19683205
12.5144137
12.83199534
13.14957699
13.46715863
13.78474027
14.10232192
14.41990356
14.73748521
15.05506685
15.37264849
15.69023014
16.00781178
16.32539342
16.64297507
16.96055671
17.27813836
17.59572
17.91330164
18.23088329
18.54846493
18.86604658
19.18362822
19.50120986
19.81879151
20.13637315
20.65977616
21.58453085
22.50928553
23.43404022
24.3587949
25.28354959
26.20830427
27.13305896
28.05781364
28.98256833
29.90732301
30.8320777
31.75683238
32.68158707
33.60634175
34.53109644
35.45585112
36.38060581
37.30536049
38.23011518
39.15486986
40.07962455
41.00437923
41.92913392
42.8538886
43.77864329
44.70339797
45.62815266
46.55290734
47.47766203
48.40241671
48.77583288
48.3452137
47.91459452
47.48397534
47.05335616
46.62273699
46.19211781
45.76149863
45.33087945
44.90026027
44.4696411
44.03902192
43.60840274
43.17778356
42.74716438
42.31654521
41.88592603
41.45530685
41.02468767
40.59406849
40.16344932
39.73283014
39.30221096
38.87159178
38.4409726
38.01035342
37.57973425
37.14911507
36.71849589
36.28787671
35.85725753
35.4823269
35.16905145
34.855776
34.54250055
34.2292251
33.91594964
33.60267419
33.28939874
32.97612329
32.66284784
32.34957238
32.03629693
31.72302148
31.40974603
31.09647058
30.78319512
30.46991967
30.15664422
29.84336877
29.53009332
29.21681786
28.90354241
28.59026696
28.27699151
27.96371605
27.6504406
27.33716515
27.0238897
26.71061425
26.39733879
26.08406334
25.58803019
24.93779523
24.28756027
23.63732532
22.98709036
22.3368554
21.68662044
21.03638548
20.38615052
19.73591556
19.0856806
18.43544564
17.78521068
17.13497573
16.48474077
15.83450581
15.18427085
14.53403589
13.88380093
13.23356597
12.58333101
11.93309605
11.2828611
10.63262614
9.982391178
9.332156219
8.68192126
8.031686301
7.381451342
6.731216384
6.080981425
5.770220351
5.67634537
5.582470389
5.488595408
5.394720427
5.300845447
5.206970466
5.113095485
5.019220504
4.925345523
4.831470542
4.737595562
4.643720581
4.5498456
4.455970619
4.362095638
4.268220658
4.174345677
4.080470696
3.986595715
3.892720734
3.798845753
3.704970773
3.611095792
3.517220811
3.42334583
3.329470849
3.235595868
3.141720888
3.047845907
2.953970926
2.899170474
2.862930423
2.826690372
2.790450321
2.754210271
2.71797022
2.681730169
2.645490118
2.609250067
2.573010016
2.536769966
2.500529915
2.464289864
2.428049813
2.391809762
2.355569711
2.31932966
2.28308961
2.246849559
2.210609508
2.174369457
2.138129406
2.101889355
2.065649305
2.029409254
1.993169203
1.956929152
1.920689101
1.88444905
1.848208999
1.811968949
1.78281517
1.756077166
1.729339162
1.702601158
1.675863154
1.64912515
1.622387146
1.595649142
1.568911138
1.542173134
1.515435131
1.488697127
1.461959123
1.435221119
1.408483115
1.381745111
1.355007107
1.328269103
1.301531099
1.274793095
1.248055091
1.221317087
1.194579083
1.167841079
1.141103075
1.114365071
1.087627067
1.060889063
1.034151059
1.007413056
0.980675052
0.975777584
0.975885238
0.975992893
0.976100548
0.976208203
0.976315858
0.976423512
0.976531167
0.976638822
0.976746477
0.976854132
0.976961786
0.977069441
0.977177096
0.977284751
0.977392405
0.97750006
0.977607715
0.97771537
0.977823025
0.977930679
0.978038334
0.978145989
0.978253644
0.978361299
0.978468953
0.978576608
0.978684263
0.978791918
0.978899573
0.979007227
0.998281085
1.020135008
1.041988932
1.063842855
1.085696778
1.107550701
1.129404625
1.151258548
1.173112471
1.194966395
1.216820318
1.238674241
1.260528164
1.282382088
1.304236011
1.326089934
1.347943858
1.369797781
1.391651704
1.413505627
1.435359551
1.457213474
1.479067397
1.500921321
1.522775244
1.544629167
1.56648309
1.588337014
1.610190937
1.63204486
1.653898784
1.66124303
1.667809973
1.674376915
1.680943858
1.6875108
1.694077742
1.700644685
1.707211627
1.71377857
1.720345512
1.726912455
1.733479397
1.74004634
1.746613282
1.753180225
1.759747167
1.76631411
1.772881052
1.779447995
1.786014937
1.792581879
1.799148822
1.805715764
1.812282707
1.818849649
1.825416592
1.831983534
1.838550477
1.845117419
1.851684362
1.861026608
2.031336493
2.201646378
2.371956263
2.542266148
2.712576033
2.882885918
3.053195803
3.223505688
3.393815573
3.564125458
3.734435342
3.904745227
4.075055112
4.245364997
4.415674882
4.585984767
4.756294652
4.926604537
5.096914422
5.267224307
5.437534192
5.607844077
5.778153962
5.948463847
6.118773732
6.289083616
6.459393501
6.629703386
6.800013271
6.970323156
7.162419452
7.589808986
8.017198521
8.444588055
8.871977589
9.299367123
9.726756658
10.15414619
10.58153573
11.00892526
11.43631479
11.86370433
12.29109386
12.7184834
13.14587293
13.57326247
14.000652
14.42804153
14.85543107
15.2828206
15.71021014
16.13759967
16.56498921
16.99237874
17.41976827
17.84715781
18.27454734
18.70193688
19.12932641
19.55671595
19.98410548
20.43809852
21.03988882
21.64167912
22.24346942
22.84525973
23.44705003
24.04884033
24.65063063
25.25242093
25.85421123
26.45600153
27.05779184
27.65958214
28.26137244
28.86316274
29.46495304
30.06674334
30.66853364
31.27032395
31.87211425
32.47390455
33.07569485
33.67748515
34.27927545
34.88106575
35.48285605
36.08464636
36.68643666
37.28822696
37.89001726
38.49180756
38.87845249
38.50381381
38.12917512
37.75453644
37.37989775
37.00525907
36.63062038
36.2559817
35.88134301
35.50670433
35.13206564
34.75742696
34.38278827
34.00814959
33.6335109
33.25887222
32.88423353
32.50959485
32.13495616
31.76031748
31.38567879
31.01104011
30.63640142
30.26176274
29.88712405
29.51248537
29.13784668
28.763208
28.38856932
28.01393063
27.63929195
27.27147748
26.92052285
26.56956822
26.21861359
25.86765896
25.51670433
25.1657497
24.81479507
24.46384044
24.11288581
23.76193118
23.41097655
23.06002192
22.70906729
22.35811266
22.00715803
21.6562034
21.30524877
20.95429414
20.60333951
20.25238488
19.90143025
19.55047562
19.19952099
18.84856636
18.49761173
18.1466571
17.79570247
17.44474784
17.09379321
16.74283858
16.39035123
16.03509041
15.67982959
15.32456877
14.96930795
14.61404712
14.2587863
13.90352548
13.54826466
13.19300384
12.83774301
12.48248219
12.12722137
11.77196055
11.41669973
11.0614389
10.70617808
10.35091726
9.995656438
9.640395616
9.285134795
8.929873973
8.574613151
8.219352329
7.864091507
7.508830685
7.153569863
6.798309041
6.443048219
6.087787397
5.732526575
5.506816438
5.457295233
5.407774027
5.358252822
5.308731616
5.259210411
5.209689205
5.160168
5.110646795
5.061125589
5.011604384
4.962083178
4.912561973
4.863040767
4.813519562
4.763998356
4.714477151
4.664955945
4.61543474
4.565913534
4.516392329
4.466871123
4.417349918
4.367828712
4.318307507
4.268786301
4.219265096
4.16974389
4.120222685
4.070701479
4.021180274
3.963563063
3.897570674
3.831578285
3.765585896
3.699593507
3.633601118
3.567608729
3.50161634
3.435623951
3.369631562
3.303639173
3.237646784
3.171654395
3.105662005
3.039669616
2.973677227
2.907684838
2.841692449
2.77570006
2.709707671
2.643715282
2.577722893
2.511730504
2.445738115
2.379745726
2.313753337
2.247760948
2.181768559
2.11577617
2.049783781
1.983791392
1.937970592
1.908042559
1.878114526
1.848186493
1.81825846
1.788330427
1.758402395
1.728474362
1.698546329
1.668618296
1.638690263
1.60876223
1.578834197
1.548906164
1.518978132
1.489050099
1.459122066
1.429194033
1.399266
1.369337967
1.339409934
1.309481901
1.279553868
1.249625836
1.219697803
1.18976977
1.159841737
1.129913704
1.099985671
1.070057638
1.040129605
1.023974088
1.016007633
1.008041178
1.000074723
0.992108268
0.984141814
0.976175359
0.968208904
0.960242449
0.952275995
0.94430954
0.936343085
0.92837663
0.920410175
0.912443721
0.904477266
0.896510811
0.888544356
0.880577901
0.872611447
0.864644992
0.856678537
0.848712082
0.840745627
0.832779173
0.824812718
0.816846263
0.808879808
0.800913353
0.792946899
0.784980444
0.795267863
0.813569178
0.831870493
0.850171808
0.868473123
0.886774438
0.905075753
0.923377068
0.941678384
0.959979699
0.978281014
0.996582329
1.014883644
1.033184959
1.051486274
1.069787589
1.088088904
1.106390219
1.124691534
1.142992849
1.161294164
1.179595479
1.197896795
1.21619811
1.234499425
1.25280074
1.271102055
1.28940337
1.307704685
1.326006
1.344307315
1.381165397
1.423796696
1.466427995
1.509059293
1.551690592
1.59432189
1.636953189
1.679584488
1.722215786
1.764847085
1.807478384
1.850109682
1.892740981
1.935372279
1.978003578
2.020634877
2.063266175
2.105897474
2.148528773
2.191160071
2.23379137
2.276422668
2.319053967
2.361685266
2.404316564
2.446947863
2.489579162
2.53221046
2.574841759
2.617473058
2.660104356
2.734296756
2.814930197
2.895563638
2.976197079
3.056830521
3.137463962
3.218097403
3.298730844
3.379364285
3.459997726
3.540631167
3.621264608
3.701898049
3.78253149
3.863164932
3.943798373
4.024431814
4.105065255
4.185698696
4.266332137
4.346965578
4.427599019
4.50823246
4.588865901
4.669499342
4.750132784
4.830766225
4.911399666
4.992033107
5.072666548
5.153299989
5.443884
5.758236
6.072588
6.38694
6.701292
7.015644
7.329996
7.644348
7.9587
8.273052
8.587404
8.901756
9.216108
9.53046
9.844812
10.159164
10.473516
10.787868
11.10222
11.416572
11.730924
12.045276
12.359628
12.67398
12.988332
13.302684
13.617036
13.931388
14.24574
14.560092
14.874444
15.45713014
16.04923151
16.64133288
17.23343425
17.82553562
18.41763699
19.00973836
19.60183973
20.1939411
20.78604247
21.37814384
21.97024521
22.56234658
23.15444795
23.74654932
24.33865068
24.93075205
25.52285342
26.11495479
26.70705616
27.29915753
27.8912589
28.48336027
29.07546164
29.66756301
30.25966438
30.85176575
31.44386712
32.03596849
32.62806986
33.20130427
33.23683036
33.27235644
33.30788252
33.3434086
33.37893468
33.41446077
33.44998685
33.48551293
33.52103901
33.5565651
33.59209118
33.62761726
33.66314334
33.69866942
33.73419551
33.76972159
33.80524767
33.84077375
33.87629984
33.91182592
33.947352
33.98287808
34.01840416
34.05393025
34.08945633
34.12498241
34.16050849
34.19603458
34.23156066
34.26708674
34.25739781
33.84830959
33.43922137
33.03013315
32.62104493
32.21195671
31.80286849
31.39378027
30.98469205
30.57560384
30.16651562
29.7574274
29.34833918
28.93925096
28.53016274
28.12107452
27.7119863
27.30289808
26.89380986
26.48472164
26.07563342
25.66654521
25.25745699
24.84836877
24.43928055
24.03019233
23.62110411
23.21201589
22.80292767
22.39383945
21.98475123
21.55449699
21.02052921
20.48656142
19.95259364
19.41862586
18.88465808
18.3506903
17.81672252
17.28275474
16.74878696
16.21481918
15.6808514
15.14688362
14.61291584
14.07894805
13.54498027
13.01101249
12.47704471
11.94307693
11.40910915
10.87514137
10.34117359
9.807205808
9.273238027
8.739270247
8.205302466
7.671334685
7.137366904
6.603399123
6.069431342
5.535463562
5.112745151
5.047614
4.982482849
4.917351699
4.852220548
4.787089397
4.721958247
4.656827096
4.591695945
4.526564795
4.461433644
4.396302493
4.331171342
4.266040192
4.200909041
4.13577789
4.07064674
4.005515589
3.940384438
3.875253288
3.810122137
3.744990986
3.679859836
3.614728685
3.549597534
3.484466384
3.419335233
3.354204082
3.289072932
3.223941781
3.15881063
3.106324356
3.082640301
3.058956247
3.035272192
3.011588137
2.987904082
2.964220027
2.940535973
2.916851918
2.893167863
2.869483808
2.845799753
2.822115699
2.798431644
2.774747589
2.751063534
2.727379479
2.703695425
2.68001137
2.656327315
2.63264326
2.608959205
2.585275151
2.561591096
2.537907041
2.514222986
2.490538932
2.466854877
2.443170822
2.419486767
2.395802712
2.379223874
2.374594718
2.369965562
2.365336405
2.360707249
2.356078093
2.351448937
2.346819781
2.342190625
2.337561468
2.332932312
2.328303156
2.323674
2.319044844
2.314415688
2.309786532
2.305157375
2.300528219
2.295899063
2.291269907
2.286640751
2.282011595
2.277382438
2.272753282
2.268124126
2.26349497
2.258865814
2.254236658
2.249607501
2.244978345
2.240349189
2.236147003
2.23248674
2.228826477
2.225166214
2.221505951
2.217845688
2.214185425
2.210525162
2.206864899
2.203204636
2.199544373
2.19588411
2.192223847
2.188563584
2.184903321
2.181243058
2.177582795
2.173922532
2.170262268
2.166602005
2.162941742
2.159281479
2.155621216
2.151960953
2.14830069
2.144640427
2.140980164
2.137319901
2.133659638
2.129999375
2.126339112
2.112004603
2.087351655
2.062698707
2.038045759
2.013392811
1.988739863
1.964086915
1.939433967
1.914781019
1.890128071
1.865475123
1.840822175
1.816169227
1.791516279
1.766863332
1.742210384
1.717557436
1.692904488
1.66825154
1.643598592
1.618945644
1.594292696
1.569639748
1.5449868
1.520333852
1.495680904
1.471027956
1.446375008
1.42172206
1.397069112
1.372416164
1.37971297
1.410502241
1.441291512
1.472080784
1.502870055
1.533659326
1.564448597
1.595237868
1.62602714
1.656816411
1.687605682
1.718394953
1.749184225
1.779973496
1.810762767
1.841552038
1.87234131
1.903130581
1.933919852
1.964709123
1.995498395
2.026287666
2.057076937
2.087866208
2.118655479
2.149444751
2.180234022
2.211023293
2.241812564
2.272601836
2.303391107
2.452677288
2.667448603
2.882219918
3.096991233
3.311762548
3.526533863
3.741305178
3.956076493
4.170847808
4.385619123
4.600390438
4.815161753
5.029933068
5.244704384
5.459475699
5.674247014
5.889018329
6.103789644
6.318560959
6.533332274
6.748103589
6.962874904
7.177646219
7.392417534
7.607188849
7.821960164
8.036731479
8.251502795
8.46627411
8.681045425
8.89581674
9.200634904
9.541900603
9.883166301
10.224432
10.5656977
10.9069634
11.2482291
11.58949479
11.93076049
12.27202619
12.61329189
12.95455759
13.29582329
13.63708899
13.97835468
14.31962038
14.66088608
15.00215178
15.34341748
15.68468318
16.02594888
16.36721458
16.70848027
17.04974597
17.39101167
17.73227737
18.07354307
18.41480877
18.75607447
19.09734016
19.43860586
19.8478583
20.27632438
20.70479047
21.13325655
21.56172263
21.99018871
22.41865479
22.84712088
23.27558696
23.70405304
24.13251912
24.56098521
24.98945129
25.41791737
25.84638345
26.27484953
26.70331562
27.1317817
27.56024778
27.98871386
28.41717995
28.84564603
29.27411211
29.70257819
30.13104427
30.55951036
30.98797644
31.41644252
31.8449086
32.27337468
32.70184077
32.96426301
33.19679737
33.42933173
33.66186608
33.89440044
34.12693479
34.35946915
34.59200351
34.82453786
35.05707222
35.28960658
35.52214093
35.75467529
35.98720964
36.219744
36.45227836
36.68481271
36.91734707
37.14988142
37.38241578
37.61495014
37.84748449
38.08001885
38.31255321
38.54508756
38.77762192
39.01015627
39.24269063
39.47522499
39.70775934
39.9402937
39.14021786
38.24452997
37.34884208
36.45315419
35.5574663
34.66177841
33.76609052
32.87040263
31.97471474
31.07902685
30.18333896
29.28765107
28.39196318
27.49627529
26.6005874
25.70489951
24.80921162
23.91352373
23.01783584
22.12214795
21.22646005
20.33077216
19.43508427
18.53939638
17.64370849
16.7480206
15.85233271
14.95664482
14.06095693
13.16526904
12.26958115
11.97289184
11.68653008
11.40016833
11.11380658
10.82744482
10.54108307
10.25472132
9.968359562
9.681997808
9.395636055
9.109274301
8.822912548
8.536550795
8.250189041
7.963827288
7.677465534
7.391103781
7.104742027
6.818380274
6.532018521
6.245656767
5.959295014
5.67293326
5.386571507
5.100209753
4.813848
4.527486247
4.241124493
3.95476274
3.668400986
3.395007074
3.363679529
3.332351984
3.301024438
3.269696893
3.238369348
3.207041803
3.175714258
3.144386712
3.113059167
3.081731622
3.050404077
3.019076532
2.987748986
2.956421441
2.925093896
2.893766351
2.862438805
2.83111126
2.799783715
2.76845617
2.737128625
2.705801079
2.674473534
2.643145989
2.611818444
2.580490899
2.549163353
2.517835808
2.486508263
2.455180718
2.426011742
2.412877858
2.399743973
2.386610088
2.373476203
2.360342318
2.347208433
2.334074548
2.320940663
2.307806778
2.294672893
2.281539008
2.268405123
2.255271238
2.242137353
2.229003468
2.215869584
2.202735699
2.189601814
2.176467929
2.163334044
2.150200159
2.137066274
2.123932389
2.110798504
2.097664619
2.084530734
2.071396849
2.058262964
2.045129079
2.031995195
2.020246225
2.014540521
2.008834816
2.003129112
1.997423408
1.991717704
1.986012
1.980306296
1.974600592
1.968894888
1.963189184
1.957483479
1.951777775
1.946072071
1.940366367
1.934660663
1.928954959
1.923249255
1.917543551
1.911837847
1.906132142
1.900426438
1.894720734
1.88901503
1.883309326
1.877603622
1.871897918
1.866192214
1.86048651
1.854780805
1.849075101
1.841727205
1.829562214
1.817397222
1.80523223
1.793067238
1.780902247
1.768737255
1.756572263
1.744407271
1.732242279
1.720077288
1.707912296
1.695747304
1.683582312
1.671417321
1.659252329
1.647087337
1.634922345
1.622757353
1.610592362
1.59842737
1.586262378
1.574097386
1.561932395
1.549767403
1.537602411
1.525437419
1.513272427
1.501107436
1.488942444
1.476777452
1.46554851
1.456290197
1.447031885
1.437773573
1.42851526
1.419256948
1.409998636
1.400740323
1.391482011
1.382223699
1.372965386
1.363707074
1.354448762
1.345190449
1.335932137
1.326673825
1.317415512
1.3081572
1.298898888
1.289640575
1.280382263
1.271123951
1.261865638
1.252607326
1.243349014
1.234090701
1.224832389
1.215574077
1.206315764
1.197057452
1.18779914
1.198265375
1.239604816
1.280944258
1.322283699
1.36362314
1.404962581
1.446302022
1.487641463
1.528980904
1.570320345
1.611659786
1.652999227
1.694338668
1.73567811
1.777017551
1.818356992
1.859696433
1.901035874
1.942375315
1.983714756
2.025054197
2.066393638
2.107733079
2.149072521
2.190411962
2.231751403
2.273090844
2.314430285
2.355769726
2.397109167
2.438448608
2.576693786
2.829790208
3.08288663
3.335983052
3.589079474
3.842175896
4.095272318
4.34836874
4.601465162
4.854561584
5.107658005
5.360754427
5.613850849
5.866947271
6.120043693
6.373140115
6.626236537
6.879332959
7.132429381
7.385525803
7.638622225
7.891718647
8.144815068
8.39791149
8.651007912
8.904104334
9.157200756
9.410297178
9.6633936
9.916490022
10.16958644
10.48993792
10.87103589
11.25213386
11.63323184
12.01432981
12.39542778
12.77652575
13.15762373
13.5387217
13.91981967
14.30091764
14.68201562
15.06311359
15.44421156
15.82530953
16.20640751
16.58750548
16.96860345
17.34970142
17.7307994
18.11189737
18.49299534
18.87409332
19.25519129
19.63628926
20.01738723
20.39848521
20.77958318
21.16068115
21.54177912
21.9228771
22.54218411
23.32483447
24.10748482
24.89013518
25.67278553
26.45543589
27.23808625
28.0207366
28.80338696
29.58603732
30.36868767
31.15133803
31.93398838
32.71663874
33.4992891
34.28193945
35.06458981
35.84724016
36.62989052
37.41254088
38.19519123
38.97784159
39.76049195
40.5431423
41.32579266
42.10844301
42.89109337
43.67374373
44.45639408
45.23904444
46.02169479
45.78317556
45.02097962
44.25878367
43.49658773
42.73439178
41.97219584
41.20999989
40.44780395
39.685608
38.92341205
38.16121611
37.39902016
36.63682422
35.87462827
35.11243233
34.35023638
33.58804044
32.82584449
32.06364855
31.3014526
30.53925666
29.77706071
29.01486477
28.25266882
27.49047288
26.72827693
25.96608099
25.20388504
24.4416891
23.67949315
22.91729721
22.47835759
22.1596994
21.84104121
21.52238301
21.20372482
20.88506663
20.56640844
20.24775025
19.92909205
19.61043386
19.29177567
18.97311748
18.65445929
18.3358011
18.0171429
17.69848471
17.37982652
17.06116833
16.74251014
16.42385195
16.10519375
15.78653556
15.46787737
15.14921918
14.83056099
14.51190279
14.1932446
13.87458641
13.55592822
13.23727003
12.91861184
12.65655452
12.40894849
12.16134247
11.91373644
11.66613041
11.41852438
11.17091836
10.92331233
10.6757063
10.42810027
10.18049425
9.932888219
9.685282192
9.437676164
9.190070137
8.94246411
8.694858082
8.447252055
8.199646027
7.95204
7.704433973
7.456827945
7.209221918
6.96161589
6.714009863
6.466403836
6.218797808
5.971191781
5.723585753
5.475979726
5.228373699
5.147340658
5.092436712
5.037532767
4.982628822
4.927724877
4.872820932
4.817916986
4.763013041
4.708109096
4.653205151
4.598301205
4.54339726
4.488493315
4.43358937
4.378685425
4.323781479
4.268877534
4.213973589
4.159069644
4.104165699
4.049261753
3.994357808
3.939453863
3.884549918
3.829645973
3.774742027
3.719838082
3.664934137
3.610030192
3.555126247
3.500222301
3.465690658
3.432640636
3.399590614
3.366540592
3.33349057
3.300440548
3.267390526
3.234340504
3.201290482
3.16824046
3.135190438
3.102140416
3.069090395
3.036040373
3.002990351
2.969940329
2.936890307
2.903840285
2.870790263
2.837740241
2.804690219
2.771640197
2.738590175
2.705540153
2.672490132
2.63944011
2.606390088
2.573340066
2.540290044
2.507240022
2.47419