      Year     Month      Prec      Evap    Runoff     Q_obs     Q_cal
      2002         1  1116.000     0.000     0.275     5.338     2.158
      2002         2  1008.000     0.000     1.453     5.566     3.704
      2002         3  1116.000     0.000     4.399     4.712     9.374
      2002         4  1080.000     0.000     7.648     3.939    15.056
      2002         5  1116.000     0.000     3.754    10.718    15.712
      2002         6  1080.000     0.000    14.696    36.982    29.694
      2002         7  1116.000     0.000    16.688    80.447    54.623
      2002         8  1116.000     0.000    14.697   107.821    66.498
      2002         9  1080.000     0.000     3.718    58.701    45.257
      2002        10  1116.000     0.000     1.960    19.232    23.805
      2002        11  1080.000     0.000     0.794    10.191    14.698
      2002        12  1116.000     0.000     0.535     6.716     9.598
      2003         1  1116.000     0.000     0.742     5.877     7.188
      2003         2  1008.000     0.000     2.589     6.000     7.332
      2003         3  1116.000     0.000    16.170     6.097    19.564
      2003         4  1080.000     0.000    13.734     7.233    39.189
      2003         5  1116.000     0.000    16.141    15.209    39.621
      2003         6  1080.000     0.000    51.042    50.733    88.021
      2003         7  1116.000     0.000    17.304   115.999   104.073
      2003         8  1116.000     0.000    11.265   107.577    85.543
      2003         9  1080.000     0.000     7.817    69.377    59.943
      2003        10  1116.000     0.000     2.059    27.335    34.692
      2003        11  1080.000     0.000     1.181     9.021    19.344
      2003        12  1116.000     0.000     0.722     7.987    13.259
      2004         1  1116.000     0.000     1.576     6.242    10.327
      2004         2  1044.000     0.000     5.371     6.147    13.999
      2004         3  1116.000     0.000     6.225     6.835    18.797
      2004         4  1080.000     0.000     9.520     7.930    21.432
      2004         5  1116.000     0.000    10.819    23.891    31.341
      2004         6  1080.000     0.000    12.973    49.881    40.804
      2004         7  1116.000     0.000    16.787    82.369    55.331
      2004         8  1116.000     0.000    13.552   110.292    69.106
      2004         9  1080.000     0.000     4.527    66.521    48.168
      2004        10  1116.000     0.000     2.462    17.860    24.718
      2004        11  1080.000     0.000     1.260     7.246    15.636
      2004        12  1116.000     0.000     0.724     5.942    10.813
      2005         1  1116.000     0.000     0.661     5.786     8.075
      2005         2  1008.000     0.000     3.332     5.795     8.391
      2005         3  1116.000     0.000    22.855     4.680    38.458
      2005         4  1080.000     0.000    46.916     9.702    78.880
      2005         5  1116.000     0.000    11.525    22.572    81.438
      2005         6  1080.000     0.000    68.634   101.402   110.707
      2005         7  1116.000     0.000    55.993   132.690   186.104
      2005         8  1116.000     0.000    12.883   111.365   131.434
      2005         9  1080.000     0.000     7.686    71.695    88.451
      2005        10  1116.000     0.000     2.866    27.628    50.392
      2005        11  1080.000     0.000     2.222    10.868    30.891
      2005        12  1116.000     0.000     1.704     8.155    21.409
      2006         1  1116.000     0.000     1.226     6.841    15.026
      2006         2  1008.000     0.000     5.311     7.979    17.731
      2006         3  1116.000     0.000    19.068     6.898    33.380
      2006         4  1080.000     0.000    51.879     9.441    94.759
      2006         5  1116.000     0.000    68.605    32.280   131.559
      2006         6  1080.000     0.000    31.897    58.094   146.977
      2006         7  1116.000     0.000    24.611   113.679   136.343
      2006         8  1116.000     0.000    17.027   118.656   116.901
      2006         9  1080.000     0.000    10.645    56.402    77.115
      2006        10  1116.000     0.000     5.043    17.749    48.913
      2006        11  1080.000     0.000     3.797    10.123    34.835
      2006        12  1116.000     0.000     2.085     7.959    24.755
      2007         1  1116.000     0.000     0.877     7.179    17.000
      2007         2  1008.000     0.000     3.442     6.536    13.530
      2007         3  1116.000     0.000    24.810     5.425    31.217
      2007         4  1080.000     0.000    20.981     5.580    55.418
      2007         5  1116.000     0.000     7.587    16.032    48.767
      2007         6  1080.000     0.000    19.710    53.317    58.695
      2007         7  1116.000     0.000    22.690    75.345    73.573
      2007         8  1116.000     0.000    14.529    77.346    71.124
      2007         9  1080.000     0.000     8.977    59.231    58.643
      2007        10  1116.000     0.000     4.597    21.324    37.186
      2007        11  1080.000     0.000     3.033     6.621    24.883
      2007        12  1116.000     0.000     1.687     6.702    18.377
      2008         1  1116.000     0.000     0.861     5.559    12.962
      2008         2  1044.000     0.000     7.531     3.689    11.267
      2008         3  1116.000     0.000    27.741     2.014    52.965
      2008         4  1080.000     0.000    23.150     0.841    54.457
      2008         5  1116.000     0.000    24.655     9.289    66.792
      2008         6  1080.000     0.000    35.899    62.396    97.849
      2008         7  1116.000     0.000    21.115    87.513    92.757
      2008         8  1116.000     0.000    11.783    66.080    74.893
      2008         9  1080.000     0.000     7.071    26.977    48.830
      2008        10  1116.000     0.000     3.894     3.515    29.530
      2008        11  1080.000     0.000     2.227     1.794    21.079
      2008        12  1116.000     0.000     1.664     1.835    15.248
      2009         1  1116.000     0.000     1.530     4.675    11.803
      2009         2  1008.000     0.000     7.706     5.163    18.773
      2009         3  1116.000     0.000    25.122     3.544    48.440
      2009         4  1080.000     0.000    31.884     3.208    70.890
      2009         5  1116.000     0.000    23.668     6.649    65.103
      2009         6  1080.000     0.000    14.568    38.365    66.589
      2009         7  1116.000     0.000    17.264    67.530    71.077
      2009         8  1116.000     0.000    14.930    87.312    74.051
      2009         9  1080.000     0.000     7.287    49.069    52.311
      2009        10  1116.000     0.000     3.351    10.878    30.684
      2009        11  1080.000     0.000     2.397     6.957    21.985
      2009        12  1116.000     0.000     1.398     4.990    15.402
      2010         1  1116.000     0.000     1.577     5.567    11.825
      2010         2  1008.000     0.000    13.450     5.491    16.994
      2010         3  1116.000     0.000    27.702     4.275    51.176
      2010         4  1080.000     0.000    13.884     3.453    48.416
      2010         5  1116.000     0.000    29.122    22.917    63.619
      2010         6  1080.000     0.000    29.083    60.283    82.974
      2010         7  1116.000     0.000    27.222   119.206    98.585
      2010         8  1116.000     0.000    49.119   137.827   132.510
      2010         9  1080.000     0.000    28.015    74.253   115.247
      2010        10  1116.000     0.000    11.507    28.805    81.394
      2010        11  1080.000     0.000     5.040    14.580    56.191
      2010        12  1116.000     0.000     3.482     6.105    37.484
      2011         1  1116.000     0.000     2.182     5.459    25.894
      2011         2  1008.000     0.000    10.096     5.273    27.888
      2011         3  1116.000     0.000    36.071     4.709    61.356
      2011         4  1080.000     0.000    58.770     7.830    91.034
      2011         5  1116.000     0.000    39.811    16.116   142.532
      2011         6  1080.000     0.000    43.042    36.526   122.052
      2011         7  1116.000     0.000    27.217    70.204   118.547
      2011         8  1116.000     0.000    33.478    95.960   119.297
      2011         9  1080.000     0.000    22.040    86.020   110.743
      2011        10  1116.000     0.000     9.866    34.050    76.930
      2011        11  1080.000     0.000     6.830     6.284    50.562
      2011        12  1116.000     0.000     4.131     6.772    37.553
      2012         1  1116.000     0.000     1.877     4.756    25.138
      2012         2  1044.000     0.000     8.576     4.477    20.470
      2012         3  1116.000     0.000    33.591     4.229    60.935
      2012         4  1080.000     0.000    28.032     9.215    81.633
      2012         5  1116.000     0.000    47.414    22.022    96.244
      2012         6  1080.000     0.000    61.156    72.877   150.068
      2012         7  1116.000     0.000    31.375   102.549   149.669
      2012         8  1116.000     0.000    26.420   120.659   137.642
      2012         9  1080.000     0.000    16.217    90.556   110.941
      2012        10  1116.000     0.000     6.421    27.801    66.808
      2012        11  1080.000     0.000     4.762     8.942    43.664
      2012        12  1116.000     0.000     3.278     7.057    31.249
      2013         1  1116.000     0.000     4.122     5.156    22.351
      2013         2  1008.000     0.000     6.725     4.701    24.773
      2013         3  1116.000     0.000    20.790     3.706    43.348
      2013         4  1080.000     0.000    13.456     1.094    42.963
      2013         5  1116.000     0.000    64.410    15.799    83.571
      2013         6  1080.000     0.000    71.463    81.123   170.113
      2013         7  1116.000     0.000    32.862   129.325   165.047
      2013         8  1116.000     0.000    34.946   140.479   154.764
      2013         9  1080.000     0.000    19.554    88.448   119.734
      2013        10  1116.000     0.000    12.773    19.224    77.791
      2013        11  1080.000     0.000     6.808     3.322    53.462
      2013        12  1116.000     0.000     3.619     2.561    37.593
      2014         1  1116.000     0.000     2.888     4.147    26.779
      2014         2  1008.000     0.000     2.013     5.352    20.499
      2014         3  1116.000     0.000    19.422     4.170    34.907
      2014         4  1080.000     0.000    22.570     3.565    48.992
      2014         5  1116.000     0.000    32.491     4.188    63.093
      2014         6  1080.000     0.000    62.626    26.832   120.674
      2014         7  1116.000     0.000    29.346    67.852   116.061
      2014         8  1116.000     0.000    26.965    87.434   117.834
      2014         9  1080.000     0.000    27.364    58.323    95.616
      2014        10  1116.000     0.000     9.920    15.257    75.670
      2014        11  1080.000     0.000    10.400     5.411    56.994
      2014        12  1116.000     0.000     5.005     7.308    41.698
      2015         1  1116.000     0.000     4.220     4.987    30.441
      2015         2  1008.000     0.000    21.498     5.080    40.804
      2015         3  1116.000     0.000    60.934     4.130    85.903
      2015         4  1080.000     0.000    18.424     4.683   131.366
      2015         5  1116.000     0.000    60.485     8.264   143.754
      2015         6  1080.000     0.000    55.449    31.531   143.168
      2015         7  1116.000     0.000    54.536    72.280   145.404
      2015         8  1116.000     0.000    57.867   121.735   176.988
      2015         9  1080.000     0.000    22.731    87.806   149.520
      2015        10  1116.000     0.000    15.736    20.911   101.666
      2015        11  1080.000     0.000    10.954    12.482    76.245
